0 -1.76923
0.0030006 -1.7971
0.0060012 -1.82483
0.0090018 -1.85241
0.0120024 -1.87984
0.015003 -1.90712
0.0180036 -1.93426
0.0210042 -1.96125
0.0240048 -1.98809
0.0270054 -2.01478
0.030006 -2.04132
0.0330066 -2.06771
0.0360072 -2.09394
0.0390078 -2.12002
0.0420084 -2.14594
0.045009 -2.17171
0.0480096 -2.19732
0.0510102 -2.22278
0.0540108 -2.24808
0.0570114 -2.27322
0.060012 -2.2982
0.0630126 -2.32302
0.0660132 -2.34768
0.0690138 -2.37218
0.0720144 -2.39651
0.075015 -2.42068
0.0780156 -2.44469
0.0810162 -2.46854
0.0840168 -2.49222
0.0870174 -2.51573
0.090018 -2.53908
0.0930186 -2.56226
0.0960192 -2.58528
0.0990198 -2.60812
0.10202 -2.6308
0.105021 -2.65331
0.108022 -2.67564
0.111022 -2.69781
0.114023 -2.7198
0.117023 -2.74162
0.120024 -2.76327
0.123025 -2.78475
0.126025 -2.80605
0.129026 -2.82718
0.132026 -2.84813
0.135027 -2.86891
0.138028 -2.88951
0.141028 -2.90994
0.144029 -2.93019
0.147029 -2.95026
0.15003 -2.97015
0.153031 -2.98987
0.156031 -3.0094
0.159032 -3.02876
0.162032 -3.04793
0.165033 -3.06693
0.168034 -3.08574
0.171034 -3.10437
0.174035 -3.12282
0.177035 -3.14109
0.180036 -3.15918
0.183037 -3.17708
0.186037 -3.1948
0.189038 -3.21234
0.192038 -3.22969
0.195039 -3.24685
0.19804 -3.26384
0.20104 -3.28063
0.204041 -3.29724
0.207041 -3.31367
0.210042 -3.3299
0.213043 -3.34596
0.216043 -3.36182
0.219044 -3.3775
0.222044 -3.39299
0.225045 -3.40829
0.228046 -3.4234
0.231046 -3.43833
0.234047 -3.45306
0.237047 -3.46761
0.240048 -3.48197
0.243049 -3.49614
0.246049 -3.51011
0.24905 -3.5239
0.25205 -3.5375
0.255051 -3.55091
0.258052 -3.56413
0.261052 -3.57716
0.264053 -3.58999
0.267053 -3.60264
0.270054 -3.61509
0.273055 -3.62735
0.276055 -3.63943
0.279056 -3.65131
0.282056 -3.66299
0.285057 -3.67449
0.288058 -3.6858
0.291058 -3.69691
0.294059 -3.70783
0.297059 -3.71856
0.30006 -3.72909
0.303061 -3.73944
0.306061 -3.74959
0.309062 -3.75955
0.312062 -3.76932
0.315063 -3.77889
0.318064 -3.78827
0.321064 -3.79746
0.324065 -3.80646
0.327065 -3.81526
0.330066 -3.82388
0.333067 -3.8323
0.336067 -3.84052
0.339068 -3.84856
0.342068 -3.8564
0.345069 -3.86406
0.34807 -3.87151
0.35107 -3.87878
0.354071 -3.88586
0.357071 -3.89274
0.360072 -3.89943
0.363073 -3.90593
0.366073 -3.91224
0.369074 -3.91836
0.372074 -3.92429
0.375075 -3.93002
0.378076 -3.93557
0.381076 -3.94092
0.384077 -3.94609
0.387077 -3.95106
0.390078 -3.95584
0.393079 -3.96044
0.396079 -3.96484
0.39908 -3.96905
0.40208 -3.97308
0.405081 -3.97692
0.408082 -3.98056
0.411082 -3.98402
0.414083 -3.98729
0.417083 -3.99038
0.420084 -3.99327
0.423085 -3.99598
0.426085 -3.9985
0.429086 -4.00083
0.432086 -4.00298
0.435087 -4.00494
0.438088 -4.00672
0.441088 -4.00831
0.444089 -4.00971
0.447089 -4.01093
0.45009 -4.01197
0.453091 -4.01282
0.456091 -4.01349
0.459092 -4.01397
0.462092 -4.01428
0.465093 -4.0144
0.468094 -4.01433
0.471094 -4.01409
0.474095 -4.01366
0.477095 -4.01306
0.480096 -4.01227
0.483097 -4.0113
0.486097 -4.01016
0.489098 -4.00883
0.492098 -4.00733
0.495099 -4.00564
0.4981 -4.00378
0.5011 -4.00175
0.504101 -3.99953
0.507101 -3.99714
0.510102 -3.99458
0.513103 -3.99184
0.516103 -3.98892
0.519104 -3.98583
0.522104 -3.98257
0.525105 -3.97913
0.528106 -3.97552
0.531106 -3.97174
0.534107 -3.96779
0.537107 -3.96367
0.540108 -3.95938
0.543109 -3.95492
0.546109 -3.95029
0.54911 -3.94549
0.55211 -3.94052
0.555111 -3.93539
0.558112 -3.93009
0.561112 -3.92462
0.564113 -3.91899
0.567113 -3.91319
0.570114 -3.90723
0.573115 -3.90111
0.576115 -3.89482
0.579116 -3.88837
0.582116 -3.88176
0.585117 -3.87499
0.588118 -3.86806
0.591118 -3.86097
0.594119 -3.85372
0.597119 -3.84632
0.60012 -3.83876
0.603121 -3.83104
0.606121 -3.82316
0.609122 -3.81513
0.612122 -3.80695
0.615123 -3.79861
0.618124 -3.79012
0.621124 -3.78147
0.624125 -3.77268
0.627125 -3.76373
0.630126 -3.75464
0.633127 -3.74539
0.636127 -3.736
0.639128 -3.72646
0.642128 -3.71678
0.645129 -3.70694
0.64813 -3.69697
0.65113 -3.68684
0.654131 -3.67658
0.657131 -3.66617
0.660132 -3.65562
0.663133 -3.64493
0.666133 -3.6341
0.669134 -3.62313
0.672134 -3.61202
0.675135 -3.60077
0.678136 -3.58939
0.681136 -3.57787
0.684137 -3.56621
0.687137 -3.55442
0.690138 -3.5425
0.693139 -3.53044
0.696139 -3.51825
0.69914 -3.50593
0.70214 -3.49349
0.705141 -3.48091
0.708142 -3.4682
0.711142 -3.45537
0.714143 -3.44241
0.717143 -3.42932
0.720144 -3.41611
0.723145 -3.40278
0.726145 -3.38932
0.729146 -3.37574
0.732146 -3.36204
0.735147 -3.34822
0.738148 -3.33428
0.741148 -3.32022
0.744149 -3.30605
0.747149 -3.29175
0.75015 -3.27735
0.753151 -3.26282
0.756151 -3.24819
0.759152 -3.23344
0.762152 -3.21858
0.765153 -3.20361
0.768154 -3.18853
0.771154 -3.17333
0.774155 -3.15804
0.777155 -3.14263
0.780156 -3.12712
0.783157 -3.1115
0.786157 -3.09578
0.789158 -3.07996
0.792158 -3.06403
0.795159 -3.048
0.79816 -3.03187
0.80116 -3.01565
0.804161 -2.99932
0.807161 -2.9829
0.810162 -2.96638
0.813163 -2.94976
0.816163 -2.93305
0.819164 -2.91625
0.822164 -2.89935
0.825165 -2.88237
0.828166 -2.86529
0.831166 -2.84812
0.834167 -2.83087
0.837167 -2.81352
0.840168 -2.79609
0.843169 -2.77858
0.846169 -2.76098
0.84917 -2.7433
0.85217 -2.72553
0.855171 -2.70768
0.858172 -2.68975
0.861172 -2.67175
0.864173 -2.65366
0.867173 -2.6355
0.870174 -2.61726
0.873175 -2.59894
0.876175 -2.58055
0.879176 -2.56209
0.882176 -2.54355
0.885177 -2.52494
0.888178 -2.50626
0.891178 -2.48752
0.894179 -2.4687
0.897179 -2.44981
0.90018 -2.43086
0.903181 -2.41185
0.906181 -2.39277
0.909182 -2.37362
0.912182 -2.35442
0.915183 -2.33515
0.918184 -2.31582
0.921184 -2.29643
0.924185 -2.27698
0.927185 -2.25748
0.930186 -2.23792
0.933187 -2.2183
0.936187 -2.19863
0.939188 -2.17891
0.942188 -2.15913
0.945189 -2.1393
0.94819 -2.11943
0.95119 -2.0995
0.954191 -2.07952
0.957191 -2.0595
0.960192 -2.03943
0.963193 -2.01931
0.966193 -1.99915
0.969194 -1.97895
0.972194 -1.9587
0.975195 -1.93841
0.978196 -1.91808
0.981196 -1.89771
0.984197 -1.87731
0.987197 -1.85686
0.990198 -1.83638
0.993199 -1.81586
0.996199 -1.79531
0.9992 -1.77473
1.0022 -1.75411
1.0052 -1.73346
1.0082 -1.71278
1.0112 -1.69207
1.0142 -1.67133
1.0172 -1.65056
1.0202 -1.62976
1.0232 -1.60894
1.02621 -1.5881
1.02921 -1.56723
1.03221 -1.54633
1.03521 -1.52542
1.03821 -1.50448
1.04121 -1.48352
1.04421 -1.46254
1.04721 -1.44155
1.05021 -1.42054
1.05321 -1.39951
1.05621 -1.37846
1.05921 -1.3574
1.06221 -1.33633
1.06521 -1.31524
1.06821 -1.29414
1.07121 -1.27303
1.07421 -1.25191
1.07722 -1.23078
1.08022 -1.20964
1.08322 -1.18849
1.08622 -1.16734
1.08922 -1.14618
1.09222 -1.12502
1.09522 -1.10385
1.09822 -1.08268
1.10122 -1.06151
1.10422 -1.04033
1.10722 -1.01916
1.11022 -0.997982
1.11322 -0.976808
1.11622 -0.955637
1.11922 -0.934468
1.12222 -0.913303
1.12523 -0.892143
1.12823 -0.870988
1.13123 -0.849839
1.13423 -0.828697
1.13723 -0.807563
1.14023 -0.786438
1.14323 -0.765323
1.14623 -0.744217
1.14923 -0.723123
1.15223 -0.702041
1.15523 -0.680972
1.15823 -0.659916
1.16123 -0.638874
1.16423 -0.617848
1.16723 -0.596837
1.17023 -0.575843
1.17323 -0.554867
1.17624 -0.533909
1.17924 -0.51297
1.18224 -0.49205
1.18524 -0.471151
1.18824 -0.450273
1.19124 -0.429417
1.19424 -0.408584
1.19724 -0.387775
1.20024 -0.366989
1.20324 -0.346229
1.20624 -0.325494
1.20924 -0.304785
1.21224 -0.284103
1.21524 -0.26345
1.21824 -0.242824
1.22124 -0.222228
1.22424 -0.201661
1.22725 -0.181125
1.23025 -0.16062
1.23325 -0.140147
1.23625 -0.119707
1.23925 -0.0992993
1.24225 -0.0789257
1.24525 -0.0585866
1.24825 -0.0382826
1.25125 -0.0180143
1.25425 0.00221763
1.25725 0.0224126
1.26025 0.0425699
1.26325 0.062689
1.26625 0.0827692
1.26925 0.10281
1.27225 0.122811
1.27526 0.142771
1.27826 0.16269
1.28126 0.182567
1.28426 0.202402
1.28726 0.222193
1.29026 0.241942
1.29326 0.261646
1.29626 0.281306
1.29926 0.30092
1.30226 0.320489
1.30526 0.340011
1.30826 0.359487
1.31126 0.378916
1.31426 0.398296
1.31726 0.417629
1.32026 0.436912
1.32326 0.456147
1.32627 0.475331
1.32927 0.494465
1.33227 0.513549
1.33527 0.532581
1.33827 0.551562
1.34127 0.57049
1.34427 0.589366
1.34727 0.608188
1.35027 0.626958
1.35327 0.645673
1.35627 0.664334
1.35927 0.68294
1.36227 0.701491
1.36527 0.719986
1.36827 0.738425
1.37127 0.756808
1.37427 0.775134
1.37728 0.793403
1.38028 0.811614
1.38328 0.829767
1.38628 0.847862
1.38928 0.865898
1.39228 0.883876
1.39528 0.901793
1.39828 0.919651
1.40128 0.937449
1.40428 0.955187
1.40728 0.972864
1.41028 0.99048
1.41328 1.00803
1.41628 1.02553
1.41928 1.04296
1.42228 1.06033
1.42529 1.07763
1.42829 1.09488
1.43129 1.11206
1.43429 1.12917
1.43729 1.14623
1.44029 1.16322
1.44329 1.18014
1.44629 1.197
1.44929 1.2138
1.45229 1.23053
1.45529 1.2472
1.45829 1.2638
1.46129 1.28033
1.46429 1.2968
1.46729 1.31321
1.47029 1.32955
1.47329 1.34582
1.4763 1.36202
1.4793 1.37816
1.4823 1.39423
1.4853 1.41024
1.4883 1.42618
1.4913 1.44205
1.4943 1.45785
1.4973 1.47359
1.5003 1.48926
1.5033 1.50486
1.5063 1.52039
1.5093 1.53586
1.5123 1.55125
1.5153 1.56658
1.5183 1.58184
1.5213 1.59703
1.5243 1.61216
1.52731 1.62721
1.53031 1.6422
1.53331 1.65712
1.53631 1.67197
1.53931 1.68675
1.54231 1.70146
1.54531 1.7161
1.54831 1.73067
1.55131 1.74518
1.55431 1.75961
1.55731 1.77398
1.56031 1.78828
1.56331 1.80251
1.56631 1.81667
1.56931 1.83076
1.57231 1.84478
1.57532 1.85874
1.57832 1.87262
1.58132 1.88644
1.58432 1.90018
1.58732 1.91386
1.59032 1.92747
1.59332 1.94101
1.59632 1.95448
1.59932 1.96789
1.60232 1.98122
1.60532 1.99449
1.60832 2.00769
1.61132 2.02082
1.61432 2.03388
1.61732 2.04687
1.62032 2.0598
1.62332 2.07265
1.62633 2.08544
1.62933 2.09817
1.63233 2.11082
1.63533 2.12341
1.63833 2.13593
1.64133 2.14838
1.64433 2.16077
1.64733 2.17309
1.65033 2.18534
1.65333 2.19753
1.65633 2.20965
1.65933 2.2217
1.66233 2.23369
1.66533 2.24561
1.66833 2.25747
1.67133 2.26926
1.67433 2.28098
1.67734 2.29264
1.68034 2.30424
1.68334 2.31577
1.68634 2.32724
1.68934 2.33864
1.69234 2.34998
1.69534 2.36125
1.69834 2.37246
1.70134 2.38361
1.70434 2.3947
1.70734 2.40572
1.71034 2.41668
1.71334 2.42757
1.71634 2.43841
1.71934 2.44918
1.72234 2.45989
1.72535 2.47054
1.72835 2.48113
1.73135 2.49166
1.73435 2.50212
1.73735 2.51253
1.74035 2.52288
1.74335 2.53317
1.74635 2.54339
1.74935 2.55356
1.75235 2.56367
1.75535 2.57372
1.75835 2.58372
1.76135 2.59365
1.76435 2.60353
1.76735 2.61335
1.77035 2.62312
1.77335 2.63283
1.77636 2.64248
1.77936 2.65207
1.78236 2.66161
1.78536 2.6711
1.78836 2.68053
1.79136 2.6899
1.79436 2.69922
1.79736 2.70849
1.80036 2.7177
1.80336 2.72687
1.80636 2.73597
1.80936 2.74503
1.81236 2.75403
1.81536 2.76298
1.81836 2.77188
1.82136 2.78073
1.82436 2.78953
1.82737 2.79828
1.83037 2.80698
1.83337 2.81563
1.83637 2.82423
1.83937 2.83278
1.84237 2.84129
1.84537 2.84974
1.84837 2.85815
1.85137 2.86651
1.85437 2.87483
1.85737 2.88309
1.86037 2.89132
1.86337 2.89949
1.86637 2.90763
1.86937 2.91571
1.87237 2.92376
1.87538 2.93176
1.87838 2.93971
1.88138 2.94763
1.88438 2.9555
1.88738 2.96332
1.89038 2.97111
1.89338 2.97886
1.89638 2.98656
1.89938 2.99422
1.90238 3.00185
1.90538 3.00943
1.90838 3.01698
1.91138 3.02448
1.91438 3.03195
1.91738 3.03938
1.92038 3.04677
1.92338 3.05413
1.92639 3.06145
1.92939 3.06873
1.93239 3.07598
1.93539 3.08319
1.93839 3.09037
1.94139 3.09751
1.94439 3.10462
1.94739 3.11169
1.95039 3.11874
1.95339 3.12575
1.95639 3.13272
1.95939 3.13967
1.96239 3.14658
1.96539 3.15347
1.96839 3.16032
1.97139 3.16714
1.97439 3.17394
1.9774 3.1807
1.9804 3.18744
1.9834 3.19414
1.9864 3.20082
1.9894 3.20748
1.9924 3.2141
1.9954 3.2207
1.9984 3.22727
2.0014 3.23382
2.0044 3.24034
2.0074 3.24684
2.0104 3.25332
2.0134 3.25976
2.0164 3.26619
2.0194 3.27259
2.0224 3.27898
2.02541 3.28533
2.02841 3.29167
2.03141 3.29799
2.03441 3.30428
2.03741 3.31056
2.04041 3.31681
2.04341 3.32305
2.04641 3.32927
2.04941 3.33546
2.05241 3.34164
2.05541 3.34781
2.05841 3.35395
2.06141 3.36008
2.06441 3.36619
2.06741 3.37229
2.07041 3.37837
2.07341 3.38443
2.07642 3.39048
2.07942 3.39652
2.08242 3.40254
2.08542 3.40854
2.08842 3.41454
2.09142 3.42052
2.09442 3.42649
2.09742 3.43245
2.10042 3.43839
2.10342 3.44433
2.10642 3.45025
2.10942 3.45617
2.11242 3.46207
2.11542 3.46797
2.11842 3.47385
2.12142 3.47973
2.12442 3.4856
2.12743 3.49146
2.13043 3.49731
2.13343 3.50315
2.13643 3.50899
2.13943 3.51483
2.14243 3.52065
2.14543 3.52647
2.14843 3.53229
2.15143 3.53809
2.15443 3.5439
2.15743 3.5497
2.16043 3.5555
2.16343 3.56129
2.16643 3.56708
2.16943 3.57287
2.17243 3.57865
2.17544 3.58443
2.17844 3.59021
2.18144 3.59599
2.18444 3.60177
2.18744 3.60754
2.19044 3.61332
2.19344 3.61909
2.19644 3.62487
2.19944 3.63064
2.20244 3.63642
2.20544 3.6422
2.20844 3.64798
2.21144 3.65376
2.21444 3.65954
2.21744 3.66532
2.22044 3.67111
2.22344 3.6769
2.22645 3.68269
2.22945 3.68849
2.23245 3.69428
2.23545 3.70009
2.23845 3.70589
2.24145 3.71171
2.24445 3.71752
2.24745 3.72334
2.25045 3.72917
2.25345 3.735
2.25645 3.74084
2.25945 3.74668
2.26245 3.75253
2.26545 3.75838
2.26845 3.76424
2.27145 3.77011
2.27445 3.77599
2.27746 3.78187
2.28046 3.78776
2.28346 3.79366
2.28646 3.79956
2.28946 3.80547
2.29246 3.8114
2.29546 3.81733
2.29846 3.82326
2.30146 3.82921
2.30446 3.83517
2.30746 3.84113
2.31046 3.84711
2.31346 3.85309
2.31646 3.85908
2.31946 3.86509
2.32246 3.8711
2.32547 3.87712
2.32847 3.88316
2.33147 3.8892
2.33447 3.89525
2.33747 3.90132
2.34047 3.90739
2.34347 3.91348
2.34647 3.91957
2.34947 3.92568
2.35247 3.9318
2.35547 3.93793
2.35847 3.94407
2.36147 3.95023
2.36447 3.95639
2.36747 3.96256
2.37047 3.96875
2.37347 3.97495
2.37648 3.98116
2.37948 3.98738
2.38248 3.99362
2.38548 3.99986
2.38848 4.00612
2.39148 4.01239
2.39448 4.01868
2.39748 4.02497
2.40048 4.03128
2.40348 4.03759
2.40648 4.04392
2.40948 4.05027
2.41248 4.05662
2.41548 4.06299
2.41848 4.06937
2.42148 4.07576
2.42448 4.08216
2.42749 4.08858
2.43049 4.095
2.43349 4.10144
2.43649 4.10789
2.43949 4.11435
2.44249 4.12083
2.44549 4.12732
2.44849 4.13381
2.45149 4.14032
2.45449 4.14684
2.45749 4.15338
2.46049 4.15992
2.46349 4.16648
2.46649 4.17304
2.46949 4.17962
2.47249 4.18621
2.4755 4.19281
2.4785 4.19942
2.4815 4.20604
2.4845 4.21268
2.4875 4.21932
2.4905 4.22597
2.4935 4.23264
2.4965 4.23931
2.4995 4.24599
2.5025 4.25269
2.5055 4.25939
2.5085 4.2661
2.5115 4.27282
2.5145 4.27955
2.5175 4.28629
2.5205 4.29304
2.5235 4.2998
2.52651 4.30656
2.52951 4.31334
2.53251 4.32012
2.53551 4.32691
2.53851 4.33371
2.54151 4.34051
2.54451 4.34732
2.54751 4.35414
2.55051 4.36096
2.55351 4.3678
2.55651 4.37463
2.55951 4.38148
2.56251 4.38833
2.56551 4.39518
2.56851 4.40204
2.57151 4.40891
2.57451 4.41578
2.57752 4.42265
2.58052 4.42953
2.58352 4.43641
2.58652 4.44329
2.58952 4.45018
2.59252 4.45707
2.59552 4.46397
2.59852 4.47086
2.60152 4.47776
2.60452 4.48466
2.60752 4.49156
2.61052 4.49846
2.61352 4.50537
2.61652 4.51227
2.61952 4.51917
2.62252 4.52607
2.62553 4.53298
2.62853 4.53988
2.63153 4.54678
2.63453 4.55367
2.63753 4.56057
2.64053 4.56746
2.64353 4.57435
2.64653 4.58124
2.64953 4.58812
2.65253 4.595
2.65553 4.60187
2.65853 4.60874
2.66153 4.6156
2.66453 4.62246
2.66753 4.62931
2.67053 4.63616
2.67353 4.643
2.67654 4.64983
2.67954 4.65665
2.68254 4.66346
2.68554 4.67027
2.68854 4.67707
2.69154 4.68385
2.69454 4.69063
2.69754 4.6974
2.70054 4.70415
2.70354 4.7109
2.70654 4.71763
2.70954 4.72435
2.71254 4.73105
2.71554 4.73775
2.71854 4.74443
2.72154 4.75109
2.72454 4.75774
2.72755 4.76438
2.73055 4.771
2.73355 4.7776
2.73655 4.78419
2.73955 4.79076
2.74255 4.79731
2.74555 4.80384
2.74855 4.81035
2.75155 4.81685
2.75455 4.82332
2.75755 4.82978
2.76055 4.83621
2.76355 4.84262
2.76655 4.84901
2.76955 4.85538
2.77255 4.86172
2.77556 4.86804
2.77856 4.87434
2.78156 4.88061
2.78456 4.88685
2.78756 4.89307
2.79056 4.89927
2.79356 4.90543
2.79656 4.91157
2.79956 4.91768
2.80256 4.92377
2.80556 4.92982
2.80856 4.93584
2.81156 4.94183
2.81456 4.9478
2.81756 4.95373
2.82056 4.95962
2.82356 4.96549
2.82657 4.97132
2.82957 4.97712
2.83257 4.98288
2.83557 4.98861
2.83857 4.9943
2.84157 4.99996
2.84457 5.00558
2.84757 5.01116
2.85057 5.0167
2.85357 5.0222
2.85657 5.02767
2.85957 5.03309
2.86257 5.03848
2.86557 5.04382
2.86857 5.04912
2.87157 5.05438
2.87457 5.05959
2.87758 5.06477
2.88058 5.06989
2.88358 5.07498
2.88658 5.08001
2.88958 5.085
2.89258 5.08995
2.89558 5.09484
2.89858 5.09969
2.90158 5.10449
2.90458 5.10924
2.90758 5.11394
2.91058 5.11859
2.91358 5.12319
2.91658 5.12773
2.91958 5.13223
2.92258 5.13667
2.92559 5.14105
2.92859 5.14538
2.93159 5.14966
2.93459 5.15388
2.93759 5.15805
2.94059 5.16215
2.94359 5.1662
2.94659 5.1702
2.94959 5.17413
2.95259 5.178
2.95559 5.18181
2.95859 5.18556
2.96159 5.18925
2.96459 5.19288
2.96759 5.19645
2.97059 5.19995
2.97359 5.20339
2.9766 5.20676
2.9796 5.21007
2.9826 5.21331
2.9856 5.21648
2.9886 5.21959
2.9916 5.22263
2.9946 5.2256
2.9976 5.2285
3.0006 5.23133
3.0036 5.23409
3.0066 5.23678
3.0096 5.2394
3.0126 5.24194
3.0156 5.24441
3.0186 5.24681
3.0216 5.24914
3.0246 5.25139
3.02761 5.25356
3.03061 5.25566
3.03361 5.25768
3.03661 5.25962
3.03961 5.26148
3.04261 5.26327
3.04561 5.26498
3.04861 5.2666
3.05161 5.26815
3.05461 5.26961
3.05761 5.271
3.06061 5.2723
3.06361 5.27351
3.06661 5.27465
3.06961 5.2757
3.07261 5.27666
3.07562 5.27754
3.07862 5.27833
3.08162 5.27904
3.08462 5.27966
3.08762 5.28019
3.09062 5.28063
3.09362 5.28098
3.09662 5.28125
3.09962 5.28142
3.10262 5.2815
3.10562 5.28149
3.10862 5.28139
3.11162 5.2812
3.11462 5.28091
3.11762 5.28053
3.12062 5.28005
3.12362 5.27948
3.12663 5.27882
3.12963 5.27805
3.13263 5.2772
3.13563 5.27624
3.13863 5.27519
3.14163 5.27404
3.14463 5.27279
3.14763 5.27144
3.15063 5.26999
3.15363 5.26844
3.15663 5.26679
3.15963 5.26503
3.16263 5.26318
3.16563 5.26122
3.16863 5.25916
3.17163 5.257
3.17463 5.25473
3.17764 5.25236
3.18064 5.24988
3.18364 5.2473
3.18664 5.24461
3.18964 5.24182
3.19264 5.23891
3.19564 5.2359
3.19864 5.23279
3.20164 5.22956
3.20464 5.22622
3.20764 5.22278
3.21064 5.21922
3.21364 5.21556
3.21664 5.21178
3.21964 5.2079
3.22264 5.2039
3.22565 5.19979
3.22865 5.19556
3.23165 5.19123
3.23465 5.18678
3.23765 5.18221
3.24065 5.17753
3.24365 5.17274
3.24665 5.16783
3.24965 5.16281
3.25265 5.15767
3.25565 5.15241
3.25865 5.14704
3.26165 5.14155
3.26465 5.13594
3.26765 5.13022
3.27065 5.12437
3.27365 5.11841
3.27666 5.11233
3.27966 5.10613
3.28266 5.09981
3.28566 5.09337
3.28866 5.08681
3.29166 5.08013
3.29466 5.07333
3.29766 5.06641
3.30066 5.05936
3.30366 5.05219
3.30666 5.0449
3.30966 5.03749
3.31266 5.02996
3.31566 5.0223
3.31866 5.01452
3.32166 5.00662
3.32466 4.99859
3.32767 4.99043
3.33067 4.98216
3.33367 4.97375
3.33667 4.96523
3.33967 4.95657
3.34267 4.9478
3.34567 4.93889
3.34867 4.92986
3.35167 4.92071
3.35467 4.91142
3.35767 4.90202
3.36067 4.89248
3.36367 4.88282
3.36667 4.87303
3.36967 4.86311
3.37267 4.85307
3.37568 4.84289
3.37868 4.83259
3.38168 4.82217
3.38468 4.81161
3.38768 4.80092
3.39068 4.79011
3.39368 4.77917
3.39668 4.7681
3.39968 4.7569
3.40268 4.74557
3.40568 4.73411
3.40868 4.72253
3.41168 4.71081
3.41468 4.69897
3.41768 4.68699
3.42068 4.67489
3.42368 4.66265
3.42669 4.65029
3.42969 4.6378
3.43269 4.62518
3.43569 4.61242
3.43869 4.59954
3.44169 4.58653
3.44469 4.57339
3.44769 4.56012
3.45069 4.54672
3.45369 4.53318
3.45669 4.51952
3.45969 4.50573
3.46269 4.49181
3.46569 4.47776
3.46869 4.46358
3.47169 4.44927
3.47469 4.43483
3.4777 4.42026
3.4807 4.40556
3.4837 4.39074
3.4867 4.37578
3.4897 4.36069
3.4927 4.34548
3.4957 4.33013
3.4987 4.31466
3.5017 4.29905
3.5047 4.28332
3.5077 4.26746
3.5107 4.25147
3.5137 4.23536
3.5167 4.21911
3.5197 4.20274
3.5227 4.18624
3.52571 4.16961
3.52871 4.15285
3.53171 4.13597
3.53471 4.11896
3.53771 4.10182
3.54071 4.08455
3.54371 4.06716
3.54671 4.04964
3.54971 4.032
3.55271 4.01423
3.55571 3.99633
3.55871 3.97831
3.56171 3.96016
3.56471 3.94189
3.56771 3.9235
3.57071 3.90498
3.57371 3.88633
3.57672 3.86756
3.57972 3.84867
3.58272 3.82966
3.58572 3.81052
3.58872 3.79126
3.59172 3.77188
3.59472 3.75237
3.59772 3.73275
3.60072 3.713
3.60372 3.69313
3.60672 3.67314
3.60972 3.65303
3.61272 3.6328
3.61572 3.61246
3.61872 3.59199
3.62172 3.5714
3.62472 3.5507
3.62773 3.52988
3.63073 3.50894
3.63373 3.48788
3.63673 3.46671
3.63973 3.44542
3.64273 3.42402
3.64573 3.4025
3.64873 3.38086
3.65173 3.35911
3.65473 3.33725
3.65773 3.31527
3.66073 3.29318
3.66373 3.27098
3.66673 3.24867
3.66973 3.22624
3.67273 3.20371
3.67574 3.18106
3.67874 3.15831
3.68174 3.13544
3.68474 3.11247
3.68774 3.08939
3.69074 3.0662
3.69374 3.0429
3.69674 3.01949
3.69974 2.99598
3.70274 2.97237
3.70574 2.94865
3.70874 2.92482
3.71174 2.9009
3.71474 2.87687
3.71774 2.85273
3.72074 2.8285
3.72374 2.80416
3.72675 2.77972
3.72975 2.75518
3.73275 2.73055
3.73575 2.70581
3.73875 2.68098
3.74175 2.65605
3.74475 2.63102
3.74775 2.6059
3.75075 2.58068
3.75375 2.55536
3.75675 2.52996
3.75975 2.50446
3.76275 2.47886
3.76575 2.45318
3.76875 2.4274
3.77175 2.40153
3.77475 2.37557
3.77776 2.34953
3.78076 2.32339
3.78376 2.29717
3.78676 2.27086
3.78976 2.24447
3.79276 2.21798
3.79576 2.19142
3.79876 2.16477
3.80176 2.13804
3.80476 2.11122
3.80776 2.08433
3.81076 2.05735
3.81376 2.03029
3.81676 2.00316
3.81976 1.97594
3.82276 1.94865
3.82577 1.92128
3.82877 1.89384
3.83177 1.86632
3.83477 1.83873
3.83777 1.81106
3.84077 1.78332
3.84377 1.75551
3.84677 1.72763
3.84977 1.69968
3.85277 1.67165
3.85577 1.64356
3.85877 1.61541
3.86177 1.58718
3.86477 1.55889
3.86777 1.53054
3.87077 1.50212
3.87377 1.47364
3.87678 1.4451
3.87978 1.41649
3.88278 1.38783
3.88578 1.3591
3.88878 1.33032
3.89178 1.30148
3.89478 1.27258
3.89778 1.24363
3.90078 1.21462
3.90378 1.18556
3.90678 1.15644
3.90978 1.12727
3.91278 1.09805
3.91578 1.06879
3.91878 1.03947
3.92178 1.0101
3.92478 0.980687
3.92779 0.951227
3.93079 0.921721
3.93379 0.89217
3.93679 0.862576
3.93979 0.83294
3.94279 0.803262
3.94579 0.773543
3.94879 0.743785
3.95179 0.713988
3.95479 0.684153
3.95779 0.654282
3.96079 0.624375
3.96379 0.594433
3.96679 0.564458
3.96979 0.534449
3.97279 0.504409
3.9758 0.474339
3.9788 0.444238
3.9818 0.414109
3.9848 0.383952
3.9878 0.353769
3.9908 0.32356
3.9938 0.293326
3.9968 0.263069
3.9998 0.232789
4.0028 0.202487
4.0058 0.172165
4.0088 0.141823
4.0118 0.111463
4.0148 0.0810853
4.0178 0.0506911
4.0208 0.0202816
4.0238 -0.0101423
4.02681 -0.0405796
4.02981 -0.0710292
4.03281 -0.10149
4.03581 -0.131961
4.03881 -0.162441
4.04181 -0.19293
4.04481 -0.223425
4.04781 -0.253927
4.05081 -0.284433
4.05381 -0.314944
4.05681 -0.345457
4.05981 -0.375972
4.06281 -0.406488
4.06581 -0.437004
4.06881 -0.467519
4.07181 -0.498031
4.07481 -0.52854
4.07782 -0.559044
4.08082 -0.589543
4.08382 -0.620035
4.08682 -0.65052
4.08982 -0.680996
4.09282 -0.711462
4.09582 -0.741918
4.09882 -0.772361
4.10182 -0.802792
4.10482 -0.833209
4.10782 -0.863611
4.11082 -0.893997
4.11382 -0.924366
4.11682 -0.954716
4.11982 -0.985048
4.12282 -1.01536
4.12583 -1.04565
4.12883 -1.07592
4.13183 -1.10616
4.13483 -1.13638
4.13783 -1.16657
4.14083 -1.19674
4.14383 -1.22688
4.14683 -1.25699
4.14983 -1.28708
4.15283 -1.31713
4.15583 -1.34715
4.15883 -1.37713
4.16183 -1.40708
4.16483 -1.437
4.16783 -1.46688
4.17083 -1.49673
4.17383 -1.52654
4.17684 -1.5563
4.17984 -1.58603
4.18284 -1.61572
4.18584 -1.64536
4.18884 -1.67496
4.19184 -1.70452
4.19484 -1.73403
4.19784 -1.7635
4.20084 -1.79292
4.20384 -1.82229
4.20684 -1.85161
4.20984 -1.88088
4.21284 -1.9101
4.21584 -1.93927
4.21884 -1.96838
4.22184 -1.99744
4.22484 -2.02645
4.22785 -2.0554
4.23085 -2.08429
4.23385 -2.11312
4.23685 -2.1419
4.23985 -2.17061
4.24285 -2.19926
4.24585 -2.22785
4.24885 -2.25638
4.25185 -2.28484
4.25485 -2.31324
4.25785 -2.34157
4.26085 -2.36984
4.26385 -2.39803
4.26685 -2.42616
4.26985 -2.45422
4.27285 -2.48221
4.27586 -2.51012
4.27886 -2.53797
4.28186 -2.56574
4.28486 -2.59343
4.28786 -2.62105
4.29086 -2.6486
4.29386 -2.67606
4.29686 -2.70345
4.29986 -2.73076
4.30286 -2.75799
4.30586 -2.78513
4.30886 -2.8122
4.31186 -2.83918
4.31486 -2.86608
4.31786 -2.8929
4.32086 -2.91963
4.32386 -2.94627
4.32687 -2.97282
4.32987 -2.99929
4.33287 -3.02567
4.33587 -3.05196
4.33887 -3.07816
4.34187 -3.10427
4.34487 -3.13028
4.34787 -3.1562
4.35087 -3.18203
4.35387 -3.20777
4.35687 -3.2334
4.35987 -3.25894
4.36287 -3.28439
4.36587 -3.30974
4.36887 -3.33498
4.37187 -3.36013
4.37487 -3.38518
4.37788 -3.41012
4.38088 -3.43497
4.38388 -3.45971
4.38688 -3.48435
4.38988 -3.50888
4.39288 -3.53331
4.39588 -3.55763
4.39888 -3.58185
4.40188 -3.60596
4.40488 -3.62996
4.40788 -3.65385
4.41088 -3.67763
4.41388 -3.7013
4.41688 -3.72487
4.41988 -3.74832
4.42288 -3.77165
4.42589 -3.79488
4.42889 -3.81799
4.43189 -3.84099
4.43489 -3.86387
4.43789 -3.88663
4.44089 -3.90928
4.44389 -3.93182
4.44689 -3.95423
4.44989 -3.97653
4.45289 -3.99871
4.45589 -4.02077
4.45889 -4.04271
4.46189 -4.06452
4.46489 -4.08622
4.46789 -4.10779
4.47089 -4.12925
4.47389 -4.15058
4.4769 -4.17178
4.4799 -4.19286
4.4829 -4.21382
4.4859 -4.23465
4.4889 -4.25535
4.4919 -4.27593
4.4949 -4.29638
4.4979 -4.31671
4.5009 -4.3369
4.5039 -4.35697
4.5069 -4.37691
4.5099 -4.39672
4.5129 -4.4164
4.5159 -4.43595
4.5189 -4.45536
4.5219 -4.47465
4.5249 -4.4938
4.52791 -4.51282
4.53091 -4.53171
4.53391 -4.55047
4.53691 -4.56909
4.53991 -4.58758
4.54291 -4.60593
4.54591 -4.62415
4.54891 -4.64223
4.55191 -4.66018
4.55491 -4.67799
4.55791 -4.69566
4.56091 -4.7132
4.56391 -4.7306
4.56691 -4.74786
4.56991 -4.76499
4.57291 -4.78197
4.57592 -4.79882
4.57892 -4.81553
4.58192 -4.8321
4.58492 -4.84853
4.58792 -4.86482
4.59092 -4.88097
4.59392 -4.89698
4.59692 -4.91285
4.59992 -4.92858
4.60292 -4.94416
4.60592 -4.95961
4.60892 -4.97491
4.61192 -4.99007
4.61492 -5.00509
4.61792 -5.01997
4.62092 -5.03471
4.62392 -5.0493
4.62693 -5.06375
4.62993 -5.07805
4.63293 -5.09221
4.63593 -5.10623
4.63893 -5.12011
4.64193 -5.13384
4.64493 -5.14743
4.64793 -5.16087
4.65093 -5.17417
4.65393 -5.18733
4.65693 -5.20034
4.65993 -5.2132
4.66293 -5.22592
4.66593 -5.2385
4.66893 -5.25093
4.67193 -5.26322
4.67493 -5.27536
4.67794 -5.28736
4.68094 -5.29921
4.68394 -5.31092
4.68694 -5.32248
4.68994 -5.3339
4.69294 -5.34517
4.69594 -5.35629
4.69894 -5.36728
4.70194 -5.37811
4.70494 -5.3888
4.70794 -5.39935
4.71094 -5.40975
4.71394 -5.42001
4.71694 -5.43012
4.71994 -5.44009
4.72294 -5.44991
4.72595 -5.45959
4.72895 -5.46912
4.73195 -5.47851
4.73495 -5.48775
4.73795 -5.49685
4.74095 -5.50581
4.74395 -5.51462
4.74695 -5.52329
4.74995 -5.53181
4.75295 -5.54019
4.75595 -5.54843
4.75895 -5.55652
4.76195 -5.56447
4.76495 -5.57228
4.76795 -5.57995
4.77095 -5.58747
4.77395 -5.59485
4.77696 -5.60209
4.77996 -5.60919
4.78296 -5.61614
4.78596 -5.62296
4.78896 -5.62963
4.79196 -5.63616
4.79496 -5.64255
4.79796 -5.64881
4.80096 -5.65492
4.80396 -5.66089
4.80696 -5.66672
4.80996 -5.67242
4.81296 -5.67797
4.81596 -5.68339
4.81896 -5.68867
4.82196 -5.69381
4.82496 -5.69881
4.82797 -5.70368
4.83097 -5.70841
4.83397 -5.713
4.83697 -5.71746
4.83997 -5.72179
4.84297 -5.72597
4.84597 -5.73003
4.84897 -5.73395
4.85197 -5.73773
4.85497 -5.74138
4.85797 -5.7449
4.86097 -5.74829
4.86397 -5.75154
4.86697 -5.75466
4.86997 -5.75765
4.87297 -5.76051
4.87598 -5.76324
4.87898 -5.76584
4.88198 -5.76832
4.88498 -5.77066
4.88798 -5.77287
4.89098 -5.77496
4.89398 -5.77692
4.89698 -5.77875
4.89998 -5.78046
4.90298 -5.78204
4.90598 -5.7835
4.90898 -5.78483
4.91198 -5.78604
4.91498 -5.78712
4.91798 -5.78808
4.92098 -5.78892
4.92398 -5.78964
4.92699 -5.79024
4.92999 -5.79071
4.93299 -5.79107
4.93599 -5.79131
4.93899 -5.79143
4.94199 -5.79143
4.94499 -5.79131
4.94799 -5.79108
4.95099 -5.79073
4.95399 -5.79027
4.95699 -5.78969
4.95999 -5.789
4.96299 -5.7882
4.96599 -5.78728
4.96899 -5.78625
4.97199 -5.78511
4.97499 -5.78386
4.978 -5.7825
4.981 -5.78103
4.984 -5.77945
4.987 -5.77776
4.99 -5.77597
4.993 -5.77407
4.996 -5.77207
4.999 -5.76996
5.002 -5.76774
5.005 -5.76543
5.008 -5.76301
5.011 -5.76049
5.014 -5.75787
5.017 -5.75515
5.02 -5.75233
5.023 -5.74941
5.02601 -5.7464
5.02901 -5.74328
5.03201 -5.74007
5.03501 -5.73677
5.03801 -5.73337
5.04101 -5.72988
5.04401 -5.7263
5.04701 -5.72262
5.05001 -5.71885
5.05301 -5.71499
5.05601 -5.71105
5.05901 -5.70701
5.06201 -5.70289
5.06501 -5.69868
5.06801 -5.69438
5.07101 -5.69
5.07401 -5.68554
5.07702 -5.68099
5.08002 -5.67636
5.08302 -5.67164
5.08602 -5.66685
5.08902 -5.66198
5.09202 -5.65703
5.09502 -5.652
5.09802 -5.64689
5.10102 -5.64171
5.10402 -5.63645
5.10702 -5.63112
5.11002 -5.62571
5.11302 -5.62023
5.11602 -5.61468
5.11902 -5.60906
5.12202 -5.60337
5.12503 -5.59762
5.12803 -5.59179
5.13103 -5.5859
5.13403 -5.57994
5.13703 -5.57392
5.14003 -5.56783
5.14303 -5.56168
5.14603 -5.55546
5.14903 -5.54919
5.15203 -5.54286
5.15503 -5.53646
5.15803 -5.53001
5.16103 -5.52351
5.16403 -5.51694
5.16703 -5.51032
5.17003 -5.50365
5.17303 -5.49692
5.17604 -5.49014
5.17904 -5.48331
5.18204 -5.47643
5.18504 -5.4695
5.18804 -5.46252
5.19104 -5.4555
5.19404 -5.44843
5.19704 -5.44131
5.20004 -5.43415
5.20304 -5.42694
5.20604 -5.4197
5.20904 -5.41241
5.21204 -5.40508
5.21504 -5.39771
5.21804 -5.39031
5.22104 -5.38286
5.22404 -5.37538
5.22705 -5.36787
5.23005 -5.36032
5.23305 -5.35274
5.23605 -5.34513
5.23905 -5.33748
5.24205 -5.32981
5.24505 -5.3221
5.24805 -5.31437
5.25105 -5.30661
5.25405 -5.29883
5.25705 -5.29102
5.26005 -5.28318
5.26305 -5.27532
5.26605 -5.26745
5.26905 -5.25955
5.27205 -5.25163
5.27506 -5.24369
5.27806 -5.23573
5.28106 -5.22776
5.28406 -5.21977
5.28706 -5.21177
5.29006 -5.20375
5.29306 -5.19572
5.29606 -5.18768
5.29906 -5.17963
5.30206 -5.17156
5.30506 -5.16349
5.30806 -5.15542
5.31106 -5.14733
5.31406 -5.13924
5.31706 -5.13115
5.32006 -5.12305
5.32306 -5.11495
5.32607 -5.10685
5.32907 -5.09874
5.33207 -5.09064
5.33507 -5.08254
5.33807 -5.07444
5.34107 -5.06635
5.34407 -5.05826
5.34707 -5.05018
5.35007 -5.0421
5.35307 -5.03403
5.35607 -5.02597
5.35907 -5.01792
5.36207 -5.00988
5.36507 -5.00185
5.36807 -4.99383
5.37107 -4.98583
5.37407 -4.97784
5.37708 -4.96986
5.38008 -4.96191
5.38308 -4.95397
5.38608 -4.94605
5.38908 -4.93815
5.39208 -4.93026
5.39508 -4.9224
5.39808 -4.91457
5.40108 -4.90675
5.40408 -4.89896
5.40708 -4.8912
5.41008 -4.88346
5.41308 -4.87575
5.41608 -4.86807
5.41908 -4.86041
5.42208 -4.85279
5.42509 -4.8452
5.42809 -4.83764
5.43109 -4.83011
5.43409 -4.82261
5.43709 -4.81515
5.44009 -4.80773
5.44309 -4.80034
5.44609 -4.79299
5.44909 -4.78568
5.45209 -4.77841
5.45509 -4.77118
5.45809 -4.76398
5.46109 -4.75683
5.46409 -4.74973
5.46709 -4.74266
5.47009 -4.73565
5.47309 -4.72867
5.4761 -4.72175
5.4791 -4.71487
5.4821 -4.70804
5.4851 -4.70125
5.4881 -4.69452
5.4911 -4.68784
5.4941 -4.68121
5.4971 -4.67463
5.5001 -4.66811
5.5031 -4.66164
5.5061 -4.65522
5.5091 -4.64886
5.5121 -4.64256
5.5151 -4.63631
5.5181 -4.63012
5.5211 -4.62399
5.5241 -4.61792
5.52711 -4.61191
5.53011 -4.60596
5.53311 -4.60008
5.53611 -4.59425
5.53911 -4.5885
5.54211 -4.5828
5.54511 -4.57717
5.54811 -4.57161
5.55111 -4.56611
5.55411 -4.56068
5.55711 -4.55532
5.56011 -4.55002
5.56311 -4.5448
5.56611 -4.53965
5.56911 -4.53456
5.57211 -4.52955
5.57512 -4.52462
5.57812 -4.51975
5.58112 -4.51496
5.58412 -4.51024
5.58712 -4.5056
5.59012 -4.50104
5.59312 -4.49655
5.59612 -4.49213
5.59912 -4.4878
5.60212 -4.48354
5.60512 -4.47937
5.60812 -4.47527
5.61112 -4.47125
5.61412 -4.46732
5.61712 -4.46346
5.62012 -4.45969
5.62312 -4.456
5.62613 -4.4524
5.62913 -4.44887
5.63213 -4.44544
5.63513 -4.44208
5.63813 -4.43882
5.64113 -4.43564
5.64413 -4.43254
5.64713 -4.42953
5.65013 -4.42662
5.65313 -4.42378
5.65613 -4.42104
5.65913 -4.41839
5.66213 -4.41583
5.66513 -4.41335
5.66813 -4.41097
5.67113 -4.40868
5.67413 -4.40648
5.67714 -4.40438
5.68014 -4.40237
5.68314 -4.40045
5.68614 -4.39862
5.68914 -4.39689
5.69214 -4.39525
5.69514 -4.39371
5.69814 -4.39226
5.70114 -4.39091
5.70414 -4.38965
5.70714 -4.38849
5.71014 -4.38743
5.71314 -4.38646
5.71614 -4.3856
5.71914 -4.38483
5.72214 -4.38415
5.72515 -4.38358
5.72815 -4.38311
5.73115 -4.38273
5.73415 -4.38246
5.73715 -4.38229
5.74015 -4.38221
5.74315 -4.38224
5.74615 -4.38237
5.74915 -4.38259
5.75215 -4.38292
5.75515 -4.38336
5.75815 -4.38389
5.76115 -4.38452
5.76415 -4.38526
5.76715 -4.3861
5.77015 -4.38705
5.77315 -4.38809
5.77616 -4.38924
5.77916 -4.3905
5.78216 -4.39185
5.78516 -4.39332
5.78816 -4.39488
5.79116 -4.39655
5.79416 -4.39832
5.79716 -4.4002
5.80016 -4.40218
5.80316 -4.40427
5.80616 -4.40646
5.80916 -4.40876
5.81216 -4.41116
5.81516 -4.41367
5.81816 -4.41628
5.82116 -4.419
5.82416 -4.42183
5.82717 -4.42476
5.83017 -4.42779
5.83317 -4.43093
5.83617 -4.43418
5.83917 -4.43753
5.84217 -4.44098
5.84517 -4.44455
5.84817 -4.44822
5.85117 -4.45199
5.85417 -4.45587
5.85717 -4.45986
5.86017 -4.46395
5.86317 -4.46814
5.86617 -4.47245
5.86917 -4.47685
5.87217 -4.48137
5.87518 -4.48598
5.87818 -4.49071
5.88118 -4.49554
5.88418 -4.50047
5.88718 -4.50551
5.89018 -4.51065
5.89318 -4.5159
5.89618 -4.52125
5.89918 -4.52671
5.90218 -4.53227
5.90518 -4.53794
5.90818 -4.54371
5.91118 -4.54958
5.91418 -4.55555
5.91718 -4.56163
5.92018 -4.56782
5.92318 -4.5741
5.92619 -4.58049
5.92919 -4.58698
5.93219 -4.59358
5.93519 -4.60027
5.93819 -4.60707
5.94119 -4.61397
5.94419 -4.62097
5.94719 -4.62807
5.95019 -4.63527
5.95319 -4.64257
5.95619 -4.64998
5.95919 -4.65748
5.96219 -4.66508
5.96519 -4.67278
5.96819 -4.68058
5.97119 -4.68848
5.97419 -4.69647
5.9772 -4.70457
5.9802 -4.71276
5.9832 -4.72105
5.9862 -4.72943
5.9892 -4.73791
5.9922 -4.74649
5.9952 -4.75516
5.9982 -4.76393
6.0012 -4.77279
6.0042 -4.78174
6.0072 -4.79079
6.0102 -4.79993
6.0132 -4.80917
6.0162 -4.8185
6.0192 -4.82792
6.0222 -4.83743
6.02521 -4.84703
6.02821 -4.85672
6.03121 -4.8665
6.03421 -4.87637
6.03721 -4.88633
6.04021 -4.89638
6.04321 -4.90652
6.04621 -4.91674
6.04921 -4.92705
6.05221 -4.93745
6.05521 -4.94793
6.05821 -4.95849
6.06121 -4.96915
6.06421 -4.97988
6.06721 -4.9907
6.07021 -5.0016
6.07321 -5.01258
6.07622 -5.02365
6.07922 -5.03479
6.08222 -5.04602
6.08522 -5.05732
6.08822 -5.06871
6.09122 -5.08017
6.09422 -5.09171
6.09722 -5.10332
6.10022 -5.11502
6.10322 -5.12678
6.10622 -5.13863
6.10922 -5.15054
6.11222 -5.16254
6.11522 -5.1746
6.11822 -5.18673
6.12122 -5.19894
6.12422 -5.21122
6.12723 -5.22357
6.13023 -5.23598
6.13323 -5.24847
6.13623 -5.26102
6.13923 -5.27364
6.14223 -5.28633
6.14523 -5.29908
6.14823 -5.31189
6.15123 -5.32477
6.15423 -5.33771
6.15723 -5.35072
6.16023 -5.36378
6.16323 -5.37691
6.16623 -5.3901
6.16923 -5.40334
6.17223 -5.41665
6.17524 -5.43001
6.17824 -5.44342
6.18124 -5.4569
6.18424 -5.47043
6.18724 -5.48401
6.19024 -5.49764
6.19324 -5.51133
6.19624 -5.52507
6.19924 -5.53886
6.20224 -5.55269
6.20524 -5.56658
6.20824 -5.58052
6.21124 -5.5945
6.21424 -5.60853
6.21724 -5.6226
6.22024 -5.63672
6.22324 -5.65088
6.22625 -5.66508
6.22925 -5.67933
6.23225 -5.69361
6.23525 -5.70793
6.23825 -5.7223
6.24125 -5.7367
6.24425 -5.75114
6.24725 -5.76561
6.25025 -5.78012
6.25325 -5.79466
6.25625 -5.80923
6.25925 -5.82384
6.26225 -5.83848
6.26525 -5.85315
6.26825 -5.86784
6.27125 -5.88257
6.27425 -5.89732
6.27726 -5.9121
6.28026 -5.9269
6.28326 -5.94173
6.28626 -5.95658
6.28926 -5.97145
6.29226 -5.98634
6.29526 -6.00126
6.29826 -6.01619
6.30126 -6.03114
6.30426 -6.0461
6.30726 -6.06109
6.31026 -6.07608
6.31326 -6.09109
6.31626 -6.10612
6.31926 -6.12115
6.32226 -6.1362
6.32527 -6.15126
6.32827 -6.16632
6.33127 -6.18139
6.33427 -6.19647
6.33727 -6.21155
6.34027 -6.22664
6.34327 -6.24173
6.34627 -6.25682
6.34927 -6.27192
6.35227 -6.28701
6.35527 -6.30211
6.35827 -6.3172
6.36127 -6.33229
6.36427 -6.34737
6.36727 -6.36245
6.37027 -6.37752
6.37327 -6.39258
6.37628 -6.40764
6.37928 -6.42269
6.38228 -6.43772
6.38528 -6.45275
6.38828 -6.46776
6.39128 -6.48275
6.39428 -6.49773
6.39728 -6.5127
6.40028 -6.52764
6.40328 -6.54257
6.40628 -6.55748
6.40928 -6.57237
6.41228 -6.58724
6.41528 -6.60208
6.41828 -6.6169
6.42128 -6.63169
6.42428 -6.64646
6.42729 -6.6612
6.43029 -6.67592
6.43329 -6.6906
6.43629 -6.70525
6.43929 -6.71987
6.44229 -6.73446
6.44529 -6.74901
6.44829 -6.76353
6.45129 -6.77801
6.45429 -6.79246
6.45729 -6.80686
6.46029 -6.82123
6.46329 -6.83555
6.46629 -6.84984
6.46929 -6.86408
6.47229 -6.87827
6.4753 -6.89242
6.4783 -6.90653
6.4813 -6.92059
6.4843 -6.9346
6.4873 -6.94856
6.4903 -6.96246
6.4933 -6.97632
6.4963 -6.99013
6.4993 -7.00387
6.5023 -7.01757
6.5053 -7.03121
6.5083 -7.04479
6.5113 -7.05831
6.5143 -7.07177
6.5173 -7.08518
6.5203 -7.09852
6.5233 -7.11179
6.52631 -7.12501
6.52931 -7.13816
6.53231 -7.15124
6.53531 -7.16425
6.53831 -7.1772
6.54131 -7.19008
6.54431 -7.20288
6.54731 -7.21562
6.55031 -7.22828
6.55331 -7.24087
6.55631 -7.25338
6.55931 -7.26582
6.56231 -7.27818
6.56531 -7.29046
6.56831 -7.30267
6.57131 -7.31479
6.57431 -7.32683
6.57732 -7.33879
6.58032 -7.35067
6.58332 -7.36246
6.58632 -7.37417
6.58932 -7.38579
6.59232 -7.39732
6.59532 -7.40876
6.59832 -7.42012
6.60132 -7.43138
6.60432 -7.44255
6.60732 -7.45363
6.61032 -7.46462
6.61332 -7.47551
6.61632 -7.4863
6.61932 -7.497
6.62232 -7.5076
6.62533 -7.5181
6.62833 -7.5285
6.63133 -7.5388
6.63433 -7.54899
6.63733 -7.55909
6.64033 -7.56908
6.64333 -7.57897
6.64633 -7.58875
6.64933 -7.59842
6.65233 -7.60799
6.65533 -7.61744
6.65833 -7.62679
6.66133 -7.63603
6.66433 -7.64515
6.66733 -7.65416
6.67033 -7.66306
6.67333 -7.67184
6.67634 -7.68051
6.67934 -7.68906
6.68234 -7.6975
6.68534 -7.70582
6.68834 -7.71401
6.69134 -7.72209
6.69434 -7.73005
6.69734 -7.73788
6.70034 -7.74559
6.70334 -7.75318
6.70634 -7.76064
6.70934 -7.76798
6.71234 -7.77519
6.71534 -7.78227
6.71834 -7.78923
6.72134 -7.79605
6.72434 -7.80275
6.72735 -7.80932
6.73035 -7.81575
6.73335 -7.82205
6.73635 -7.82822
6.73935 -7.83426
6.74235 -7.84016
6.74535 -7.84592
6.74835 -7.85155
6.75135 -7.85704
6.75435 -7.86239
6.75735 -7.86761
6.76035 -7.87268
6.76335 -7.87761
6.76635 -7.8824
6.76935 -7.88705
6.77235 -7.89156
6.77536 -7.89592
6.77836 -7.90014
6.78136 -7.90422
6.78436 -7.90814
6.78736 -7.91192
6.79036 -7.91556
6.79336 -7.91904
6.79636 -7.92238
6.79936 -7.92557
6.80236 -7.92861
6.80536 -7.93149
6.80836 -7.93423
6.81136 -7.93681
6.81436 -7.93924
6.81736 -7.94152
6.82036 -7.94364
6.82336 -7.94561
6.82637 -7.94742
6.82937 -7.94908
6.83237 -7.95058
6.83537 -7.95192
6.83837 -7.9531
6.84137 -7.95413
6.84437 -7.95499
6.84737 -7.9557
6.85037 -7.95624
6.85337 -7.95663
6.85637 -7.95685
6.85937 -7.95691
6.86237 -7.95681
6.86537 -7.95655
6.86837 -7.95612
6.87137 -7.95552
6.87437 -7.95476
6.87738 -7.95384
6.88038 -7.95275
6.88338 -7.9515
6.88638 -7.95007
6.88938 -7.94848
6.89238 -7.94672
6.89538 -7.9448
6.89838 -7.9427
6.90138 -7.94044
6.90438 -7.938
6.90738 -7.9354
6.91038 -7.93262
6.91338 -7.92967
6.91638 -7.92656
6.91938 -7.92327
6.92238 -7.9198
6.92539 -7.91617
6.92839 -7.91236
6.93139 -7.90838
6.93439 -7.90422
6.93739 -7.89989
6.94039 -7.89539
6.94339 -7.89071
6.94639 -7.88585
6.94939 -7.88082
6.95239 -7.87562
6.95539 -7.87023
6.95839 -7.86467
6.96139 -7.85894
6.96439 -7.85302
6.96739 -7.84693
6.97039 -7.84066
6.97339 -7.83422
6.9764 -7.82759
6.9794 -7.82079
6.9824 -7.81381
6.9854 -7.80665
6.9884 -7.7993
6.9914 -7.79178
6.9944 -7.78409
6.9974 -7.77621
7.0004 -7.76815
7.0034 -7.75991
7.0064 -7.75149
7.0094 -7.74288
7.0124 -7.7341
7.0154 -7.72514
7.0184 -7.716
7.0214 -7.70667
7.0244 -7.69717
7.02741 -7.68748
7.03041 -7.67761
7.03341 -7.66756
7.03641 -7.65733
7.03941 -7.64691
7.04241 -7.63631
7.04541 -7.62554
7.04841 -7.61458
7.05141 -7.60343
7.05441 -7.59211
7.05741 -7.5806
7.06041 -7.56891
7.06341 -7.55704
7.06641 -7.54499
7.06941 -7.53276
7.07241 -7.52034
7.07542 -7.50774
7.07842 -7.49496
7.08142 -7.48199
7.08442 -7.46885
7.08742 -7.45552
7.09042 -7.44201
7.09342 -7.42832
7.09642 -7.41444
7.09942 -7.40039
7.10242 -7.38615
7.10542 -7.37173
7.10842 -7.35714
7.11142 -7.34235
7.11442 -7.32739
7.11742 -7.31225
7.12042 -7.29693
7.12342 -7.28142
7.12643 -7.26574
7.12943 -7.24987
7.13243 -7.23382
7.13543 -7.2176
7.13843 -7.20119
7.14143 -7.18461
7.14443 -7.16784
7.14743 -7.1509
7.15043 -7.13378
7.15343 -7.11648
7.15643 -7.099
7.15943 -7.08134
7.16243 -7.0635
7.16543 -7.04549
7.16843 -7.0273
7.17143 -7.00893
7.17443 -6.99039
7.17744 -6.97166
7.18044 -6.95277
7.18344 -6.93369
7.18644 -6.91444
7.18944 -6.89502
7.19244 -6.87542
7.19544 -6.85565
7.19844 -6.8357
7.20144 -6.81558
7.20444 -6.79528
7.20744 -6.77482
7.21044 -6.75418
7.21344 -6.73336
7.21644 -6.71238
7.21944 -6.69122
7.22244 -6.6699
7.22545 -6.6484
7.22845 -6.62673
7.23145 -6.60489
7.23445 -6.58289
7.23745 -6.56071
7.24045 -6.53837
7.24345 -6.51586
7.24645 -6.49318
7.24945 -6.47034
7.25245 -6.44733
7.25545 -6.42415
7.25845 -6.40081
7.26145 -6.3773
7.26445 -6.35363
7.26745 -6.32979
7.27045 -6.3058
7.27345 -6.28164
7.27646 -6.25731
7.27946 -6.23283
7.28246 -6.20818
7.28546 -6.18338
7.28846 -6.15842
7.29146 -6.13329
7.29446 -6.10801
7.29746 -6.08257
7.30046 -6.05697
7.30346 -6.03122
7.30646 -6.00531
7.30946 -5.97924
7.31246 -5.95302
7.31546 -5.92665
7.31846 -5.90012
7.32146 -5.87344
7.32446 -5.84661
7.32747 -5.81963
7.33047 -5.7925
7.33347 -5.76521
7.33647 -5.73778
7.33947 -5.7102
7.34247 -5.68247
7.34547 -5.65459
7.34847 -5.62657
7.35147 -5.5984
7.35447 -5.57009
7.35747 -5.54164
7.36047 -5.51303
7.36347 -5.48429
7.36647 -5.45541
7.36947 -5.42638
7.37247 -5.39722
7.37548 -5.36791
7.37848 -5.33847
7.38148 -5.30889
7.38448 -5.27917
7.38748 -5.24931
7.39048 -5.21932
7.39348 -5.1892
7.39648 -5.15894
7.39948 -5.12855
7.40248 -5.09802
7.40548 -5.06737
7.40848 -5.03658
7.41148 -5.00567
7.41448 -4.97462
7.41748 -4.94345
7.42048 -4.91215
7.42348 -4.88073
7.42649 -4.84918
7.42949 -4.81751
7.43249 -4.78571
7.43549 -4.75379
7.43849 -4.72175
7.44149 -4.68959
7.44449 -4.65731
7.44749 -4.6249
7.45049 -4.59239
7.45349 -4.55975
7.45649 -4.527
7.45949 -4.49414
7.46249 -4.46116
7.46549 -4.42806
7.46849 -4.39486
7.47149 -4.36154
7.47449 -4.32811
7.4775 -4.29458
7.4805 -4.26093
7.4835 -4.22718
7.4865 -4.19332
7.4895 -4.15936
7.4925 -4.12529
7.4955 -4.09112
7.4985 -4.05685
7.5015 -4.02248
7.5045 -3.988
7.5075 -3.95343
7.5105 -3.91875
7.5135 -3.88399
7.5165 -3.84912
7.5195 -3.81416
7.5225 -3.7791
7.52551 -3.74396
7.52851 -3.70872
7.53151 -3.67338
7.53451 -3.63796
7.53751 -3.60245
7.54051 -3.56686
7.54351 -3.53117
7.54651 -3.4954
7.54951 -3.45955
7.55251 -3.42361
7.55551 -3.38759
7.55851 -3.35148
7.56151 -3.3153
7.56451 -3.27904
7.56751 -3.2427
7.57051 -3.20628
7.57351 -3.16979
7.57652 -3.13322
7.57952 -3.09658
7.58252 -3.05987
7.58552 -3.02308
7.58852 -2.98622
7.59152 -2.9493
7.59452 -2.9123
7.59752 -2.87524
7.60052 -2.83812
7.60352 -2.80092
7.60652 -2.76367
7.60952 -2.72635
7.61252 -2.68897
7.61552 -2.65153
7.61852 -2.61403
7.62152 -2.57647
7.62452 -2.53886
7.62753 -2.50119
7.63053 -2.46346
7.63353 -2.42568
7.63653 -2.38785
7.63953 -2.34997
7.64253 -2.31204
7.64553 -2.27406
7.64853 -2.23603
7.65153 -2.19795
7.65453 -2.15983
7.65753 -2.12167
7.66053 -2.08346
7.66353 -2.04521
7.66653 -2.00692
7.66953 -1.96859
7.67253 -1.93022
7.67554 -1.89181
7.67854 -1.85336
7.68154 -1.81489
7.68454 -1.77637
7.68754 -1.73783
7.69054 -1.69925
7.69354 -1.66065
7.69654 -1.62201
7.69954 -1.58335
7.70254 -1.54465
7.70554 -1.50594
7.70854 -1.4672
7.71154 -1.42843
7.71454 -1.38965
7.71754 -1.35084
7.72054 -1.31201
7.72354 -1.27316
7.72655 -1.2343
7.72955 -1.19542
7.73255 -1.15652
7.73555 -1.11761
7.73855 -1.07869
7.74155 -1.03976
7.74455 -1.00081
7.74755 -0.96186
7.75055 -0.922899
7.75355 -0.88393
7.75655 -0.844955
7.75955 -0.805976
7.76255 -0.766994
7.76555 -0.728009
7.76855 -0.689023
7.77155 -0.650037
7.77455 -0.611053
7.77756 -0.572071
7.78056 -0.533092
7.78356 -0.494118
7.78656 -0.45515
7.78956 -0.416189
7.79256 -0.377237
7.79556 -0.338293
7.79856 -0.299361
7.80156 -0.26044
7.80456 -0.221531
7.80756 -0.182637
7.81056 -0.143758
7.81356 -0.104895
7.81656 -0.0660502
7.81956 -0.0272236
7.82256 0.0115832
7.82557 0.0503691
7.82857 0.0891329
7.83157 0.127874
7.83457 0.16659
7.83757 0.205281
7.84057 0.243945
7.84357 0.282581
7.84657 0.321188
7.84957 0.359766
7.85257 0.398312
7.85557 0.436826
7.85857 0.475306
7.86157 0.513752
7.86457 0.552163
7.86757 0.590536
7.87057 0.628872
7.87357 0.667168
7.87658 0.705425
7.87958 0.74364
7.88258 0.781812
7.88558 0.819942
7.88858 0.858026
7.89158 0.896066
7.89458 0.934058
7.89758 0.972002
7.90058 1.0099
7.90358 1.04774
7.90658 1.08554
7.90958 1.12328
7.91258 1.16097
7.91558 1.1986
7.91858 1.23618
7.92158 1.2737
7.92458 1.31117
7.92759 1.34858
7.93059 1.38592
7.93359 1.42321
7.93659 1.46043
7.93959 1.49759
7.94259 1.53469
7.94559 1.57172
7.94859 1.60869
7.95159 1.64559
7.95459 1.68242
7.95759 1.71918
7.96059 1.75587
7.96359 1.79249
7.96659 1.82904
7.96959 1.86551
7.97259 1.90192
7.9756 1.93824
7.9786 1.97449
7.9816 2.01066
7.9846 2.04676
7.9876 2.08277
7.9906 2.11871
7.9936 2.15456
7.9966 2.19033
7.9996 2.22602
8.0026 2.26162
8.0056 2.29714
8.0086 2.33257
8.0116 2.36792
8.0146 2.40318
8.0176 2.43834
8.0206 2.47342
8.0236 2.50841
8.02661 2.54331
8.02961 2.57811
8.03261 2.61282
8.03561 2.64744
8.03861 2.68195
8.04161 2.71638
8.04461 2.7507
8.04761 2.78493
8.05061 2.81906
8.05361 2.85309
8.05661 2.88702
8.05961 2.92084
8.06261 2.95457
8.06561 2.98819
8.06861 3.0217
8.07161 3.05511
8.07461 3.08842
8.07762 3.12161
8.08062 3.1547
8.08362 3.18768
8.08662 3.22056
8.08962 3.25332
8.09262 3.28597
8.09562 3.3185
8.09862 3.35093
8.10162 3.38324
8.10462 3.41543
8.10762 3.44751
8.11062 3.47948
8.11362 3.51133
8.11662 3.54306
8.11962 3.57467
8.12262 3.60616
8.12563 3.63753
8.12863 3.66879
8.13163 3.69992
8.13463 3.73092
8.13763 3.76181
8.14063 3.79257
8.14363 3.82321
8.14663 3.85372
8.14963 3.8841
8.15263 3.91436
8.15563 3.94449
8.15863 3.97449
8.16163 4.00437
8.16463 4.03411
8.16763 4.06373
8.17063 4.09321
8.17363 4.12256
8.17664 4.15178
8.17964 4.18086
8.18264 4.20982
8.18564 4.23863
8.18864 4.26732
8.19164 4.29586
8.19464 4.32427
8.19764 4.35255
8.20064 4.38068
8.20364 4.40868
8.20664 4.43654
8.20964 4.46426
8.21264 4.49184
8.21564 4.51928
8.21864 4.54657
8.22164 4.57373
8.22464 4.60074
8.22765 4.62761
8.23065 4.65434
8.23365 4.68092
8.23665 4.70736
8.23965 4.73365
8.24265 4.7598
8.24565 4.7858
8.24865 4.81165
8.25165 4.83736
8.25465 4.86292
8.25765 4.88832
8.26065 4.91359
8.26365 4.9387
8.26665 4.96366
8.26965 4.98847
8.27265 5.01313
8.27566 5.03763
8.27866 5.06199
8.28166 5.08619
8.28466 5.11024
8.28766 5.13414
8.29066 5.15788
8.29366 5.18147
8.29666 5.2049
8.29966 5.22818
8.30266 5.25131
8.30566 5.27427
8.30866 5.29709
8.31166 5.31974
8.31466 5.34224
8.31766 5.36458
8.32066 5.38676
8.32366 5.40878
8.32667 5.43064
8.32967 5.45235
8.33267 5.47389
8.33567 5.49528
8.33867 5.51651
8.34167 5.53757
8.34467 5.55847
8.34767 5.57922
8.35067 5.5998
8.35367 5.62022
8.35667 5.64047
8.35967 5.66057
8.36267 5.6805
8.36567 5.70027
8.36867 5.71987
8.37167 5.73931
8.37467 5.75859
8.37768 5.7777
8.38068 5.79665
8.38368 5.81544
8.38668 5.83406
8.38968 5.85251
8.39268 5.8708
8.39568 5.88892
8.39868 5.90687
8.40168 5.92466
8.40468 5.94229
8.40768 5.95974
8.41068 5.97703
8.41368 5.99416
8.41668 6.01111
8.41968 6.0279
8.42268 6.04452
8.42569 6.06097
8.42869 6.07726
8.43169 6.09338
8.43469 6.10932
8.43769 6.1251
8.44069 6.14072
8.44369 6.15616
8.44669 6.17143
8.44969 6.18654
8.45269 6.20147
8.45569 6.21624
8.45869 6.23084
8.46169 6.24526
8.46469 6.25952
8.46769 6.27361
8.47069 6.28753
8.47369 6.30128
8.4767 6.31486
8.4797 6.32827
8.4827 6.34151
8.4857 6.35458
8.4887 6.36748
8.4917 6.3802
8.4947 6.39276
8.4977 6.40515
8.5007 6.41737
8.5037 6.42942
8.5067 6.4413
8.5097 6.45301
8.5127 6.46454
8.5157 6.47591
8.5187 6.48711
8.5217 6.49813
8.5247 6.50899
8.52771 6.51968
8.53071 6.53019
8.53371 6.54054
8.53671 6.55072
8.53971 6.56072
8.54271 6.57056
8.54571 6.58022
8.54871 6.58972
8.55171 6.59905
8.55471 6.6082
8.55771 6.61719
8.56071 6.62601
8.56371 6.63466
8.56671 6.64313
8.56971 6.65144
8.57271 6.65958
8.57572 6.66756
8.57872 6.67536
8.58172 6.68299
8.58472 6.69046
8.58772 6.69775
8.59072 6.70488
8.59372 6.71184
8.59672 6.71863
8.59972 6.72526
8.60272 6.73171
8.60572 6.738
8.60872 6.74412
8.61172 6.75008
8.61472 6.75586
8.61772 6.76148
8.62072 6.76694
8.62372 6.77223
8.62673 6.77735
8.62973 6.7823
8.63273 6.78709
8.63573 6.79171
8.63873 6.79617
8.64173 6.80046
8.64473 6.80459
8.64773 6.80855
8.65073 6.81235
8.65373 6.81599
8.65673 6.81946
8.65973 6.82276
8.66273 6.8259
8.66573 6.82888
8.66873 6.8317
8.67173 6.83436
8.67473 6.83685
8.67774 6.83918
8.68074 6.84135
8.68374 6.84335
8.68674 6.8452
8.68974 6.84688
8.69274 6.84841
8.69574 6.84977
8.69874 6.85097
8.70174 6.85202
8.70474 6.8529
8.70774 6.85363
8.71074 6.8542
8.71374 6.85461
8.71674 6.85486
8.71974 6.85495
8.72274 6.85489
8.72575 6.85467
8.72875 6.85429
8.73175 6.85375
8.73475 6.85307
8.73775 6.85222
8.74075 6.85122
8.74375 6.85007
8.74675 6.84876
8.74975 6.8473
8.75275 6.84568
8.75575 6.84391
8.75875 6.84199
8.76175 6.83992
8.76475 6.83769
8.76775 6.83531
8.77075 6.83279
8.77375 6.83011
8.77676 6.82728
8.77976 6.8243
8.78276 6.82117
8.78576 6.81789
8.78876 6.81447
8.79176 6.8109
8.79476 6.80718
8.79776 6.80331
8.80076 6.79929
8.80376 6.79513
8.80676 6.79083
8.80976 6.78637
8.81276 6.78178
8.81576 6.77704
8.81876 6.77215
8.82176 6.76712
8.82476 6.76195
8.82777 6.75664
8.83077 6.75119
8.83377 6.74559
8.83677 6.73985
8.83977 6.73397
8.84277 6.72796
8.84577 6.7218
8.84877 6.7155
8.85177 6.70907
8.85477 6.7025
8.85777 6.69579
8.86077 6.68894
8.86377 6.68196
8.86677 6.67484
8.86977 6.66759
8.87277 6.6602
8.87578 6.65268
8.87878 6.64502
8.88178 6.63723
8.88478 6.62931
8.88778 6.62126
8.89078 6.61308
8.89378 6.60476
8.89678 6.59632
8.89978 6.58774
8.90278 6.57904
8.90578 6.5702
8.90878 6.56124
8.91178 6.55215
8.91478 6.54294
8.91778 6.5336
8.92078 6.52413
8.92378 6.51454
8.92679 6.50482
8.92979 6.49498
8.93279 6.48501
8.93579 6.47493
8.93879 6.46472
8.94179 6.45439
8.94479 6.44393
8.94779 6.43336
8.95079 6.42267
8.95379 6.41186
8.95679 6.40093
8.95979 6.38988
8.96279 6.37872
8.96579 6.36743
8.96879 6.35604
8.97179 6.34452
8.97479 6.33289
8.9778 6.32115
8.9808 6.3093
8.9838 6.29733
8.9868 6.28525
8.9898 6.27305
8.9928 6.26075
8.9958 6.24833
8.9988 6.23581
9.0018 6.22318
9.0048 6.21043
9.0078 6.19758
9.0108 6.18463
9.0138 6.17156
9.0168 6.15839
9.0198 6.14512
9.0228 6.13174
9.02581 6.11825
9.02881 6.10467
9.03181 6.09098
9.03481 6.07719
9.03781 6.06329
9.04081 6.0493
9.04381 6.03521
9.04681 6.02101
9.04981 6.00672
9.05281 5.99233
9.05581 5.97784
9.05881 5.96326
9.06181 5.94858
9.06481 5.9338
9.06781 5.91893
9.07081 5.90397
9.07381 5.88891
9.07682 5.87376
9.07982 5.85852
9.08282 5.84319
9.08582 5.82777
9.08882 5.81225
9.09182 5.79665
9.09482 5.78096
9.09782 5.76518
9.10082 5.74931
9.10382 5.73336
9.10682 5.71732
9.10982 5.7012
9.11282 5.68499
9.11582 5.6687
9.11882 5.65232
9.12182 5.63587
9.12482 5.61933
9.12783 5.60271
9.13083 5.58601
9.13383 5.56923
9.13683 5.55237
9.13983 5.53544
9.14283 5.51842
9.14583 5.50133
9.14883 5.48417
9.15183 5.46693
9.15483 5.44961
9.15783 5.43222
9.16083 5.41476
9.16383 5.39723
9.16683 5.37962
9.16983 5.36194
9.17283 5.34419
9.17584 5.32637
9.17884 5.30849
9.18184 5.29053
9.18484 5.27251
9.18784 5.25442
9.19084 5.23627
9.19384 5.21805
9.19684 5.19976
9.19984 5.18141
9.20284 5.163
9.20584 5.14453
9.20884 5.12599
9.21184 5.10739
9.21484 5.08873
9.21784 5.07002
9.22084 5.05124
9.22384 5.03241
9.22685 5.01351
9.22985 4.99457
9.23285 4.97556
9.23585 4.9565
9.23885 4.93739
9.24185 4.91822
9.24485 4.899
9.24785 4.87972
9.25085 4.8604
9.25385 4.84102
9.25685 4.8216
9.25985 4.80212
9.26285 4.7826
9.26585 4.76302
9.26885 4.7434
9.27185 4.72374
9.27485 4.70402
9.27786 4.68426
9.28086 4.66446
9.28386 4.64462
9.28686 4.62473
9.28986 4.60479
9.29286 4.58482
9.29586 4.56481
9.29886 4.54475
9.30186 4.52466
9.30486 4.50453
9.30786 4.48436
9.31086 4.46415
9.31386 4.44391
9.31686 4.42363
9.31986 4.40331
9.32286 4.38296
9.32587 4.36258
9.32887 4.34216
9.33187 4.32171
9.33487 4.30123
9.33787 4.28072
9.34087 4.26018
9.34387 4.23961
9.34687 4.21901
9.34987 4.19839
9.35287 4.17773
9.35587 4.15705
9.35887 4.13635
9.36187 4.11562
9.36487 4.09486
9.36787 4.07408
9.37087 4.05328
9.37387 4.03246
9.37688 4.01161
9.37988 3.99074
9.38288 3.96986
9.38588 3.94895
9.38888 3.92803
9.39188 3.90709
9.39488 3.88613
9.39788 3.86515
9.40088 3.84416
9.40388 3.82315
9.40688 3.80213
9.40988 3.7811
9.41288 3.76005
9.41588 3.73899
9.41888 3.71792
9.42188 3.69684
9.42488 3.67574
9.42789 3.65464
9.43089 3.63353
9.43389 3.61241
9.43689 3.59129
9.43989 3.57015
9.44289 3.54902
9.44589 3.52787
9.44889 3.50672
9.45189 3.48557
9.45489 3.46442
9.45789 3.44326
9.46089 3.4221
9.46389 3.40094
9.46689 3.37978
9.46989 3.35862
9.47289 3.33746
9.4759 3.31631
9.4789 3.29515
9.4819 3.274
9.4849 3.25285
9.4879 3.23171
9.4909 3.21057
9.4939 3.18944
9.4969 3.16831
9.4999 3.1472
9.5029 3.12609
9.5059 3.10499
9.5089 3.08389
9.5119 3.06281
9.5149 3.04174
9.5179 3.02068
9.5209 2.99963
9.5239 2.9786
9.52691 2.95758
9.52991 2.93657
9.53291 2.91558
9.53591 2.8946
9.53891 2.87364
9.54191 2.85269
9.54491 2.83177
9.54791 2.81086
9.55091 2.78997
9.55391 2.7691
9.55691 2.74825
9.55991 2.72742
9.56291 2.70661
9.56591 2.68583
9.56891 2.66506
9.57191 2.64432
9.57491 2.62361
9.57792 2.60292
9.58092 2.58225
9.58392 2.56162
9.58692 2.541
9.58992 2.52042
9.59292 2.49986
9.59592 2.47934
9.59892 2.45884
9.60192 2.43837
9.60492 2.41793
9.60792 2.39753
9.61092 2.37715
9.61392 2.35681
9.61692 2.3365
9.61992 2.31623
9.62292 2.29599
9.62593 2.27579
9.62893 2.25562
9.63193 2.23549
9.63493 2.21539
9.63793 2.19533
9.64093 2.17532
9.64393 2.15534
9.64693 2.1354
9.64993 2.1155
9.65293 2.09564
9.65593 2.07582
9.65893 2.05605
9.66193 2.03632
9.66493 2.01663
9.66793 1.99699
9.67093 1.97739
9.67393 1.95783
9.67694 1.93832
9.67994 1.91886
9.68294 1.89945
9.68594 1.88008
9.68894 1.86077
9.69194 1.8415
9.69494 1.82228
9.69794 1.80311
9.70094 1.78399
9.70394 1.76492
9.70694 1.74591
9.70994 1.72695
9.71294 1.70804
9.71594 1.68919
9.71894 1.67039
9.72194 1.65164
9.72494 1.63295
9.72795 1.61432
9.73095 1.59575
9.73395 1.57723
9.73695 1.55877
9.73995 1.54037
9.74295 1.52202
9.74595 1.50374
9.74895 1.48552
9.75195 1.46736
9.75495 1.44926
9.75795 1.43122
9.76095 1.41325
9.76395 1.39534
9.76695 1.37749
9.76995 1.35971
9.77295 1.34199
9.77596 1.32434
9.77896 1.30676
9.78196 1.28924
9.78496 1.27179
9.78796 1.2544
9.79096 1.23709
9.79396 1.21984
9.79696 1.20267
9.79996 1.18556
9.80296 1.16853
9.80596 1.15156
9.80896 1.13467
9.81196 1.11785
9.81496 1.10111
9.81796 1.08443
9.82096 1.06784
9.82396 1.05131
9.82697 1.03486
9.82997 1.01849
9.83297 1.00219
9.83597 0.985972
9.83897 0.969829
9.84197 0.953763
9.84497 0.937777
9.84797 0.921869
9.85097 0.90604
9.85397 0.890292
9.85697 0.874623
9.85997 0.859036
9.86297 0.843531
9.86597 0.828107
9.86897 0.812766
9.87197 0.797509
9.87497 0.782334
9.87798 0.767244
9.88098 0.752239
9.88398 0.737319
9.88698 0.722484
9.88998 0.707735
9.89298 0.693073
9.89598 0.678499
9.89898 0.664012
9.90198 0.649613
9.90498 0.635302
9.90798 0.621081
9.91098 0.60695
9.91398 0.592909
9.91698 0.578958
9.91998 0.565098
9.92298 0.55133
9.92599 0.537654
9.92899 0.524071
9.93199 0.51058
9.93499 0.497183
9.93799 0.48388
9.94099 0.470672
9.94399 0.457558
9.94699 0.44454
9.94999 0.431617
9.95299 0.418791
9.95599 0.406062
9.95899 0.39343
9.96199 0.380895
9.96499 0.368459
9.96799 0.356121
9.97099 0.343882
9.97399 0.331743
9.977 0.319704
9.98 0.307765
9.983 0.295927
9.986 0.28419
9.989 0.272555
9.992 0.261022
9.995 0.249591
9.998 0.238264
10.001 0.227039
10.004 0.215919
10.007 0.204903
10.01 0.193992
10.013 0.183185
10.016 0.172484
10.019 0.16189
10.022 0.151401
10.025 0.141019
10.028 0.130745
10.031 0.120577
10.034 0.110518
10.037 0.100567
10.04 0.0907254
10.043 0.0809925
10.046 0.071369
10.049 0.0618555
10.052 0.0524523
10.055 0.0431598
10.058 0.0339783
10.061 0.0249083
10.064 0.0159501
10.067 0.00710409
10.07 -0.00162936
10.073 -0.0102499
10.076 -0.0187571
10.079 -0.0271507
10.082 -0.0354302
10.085 -0.0435954
10.088 -0.0516458
10.091 -0.0595812
10.094 -0.0674011
10.097 -0.0751053
10.1 -0.0826933
10.103 -0.0901648
10.106 -0.0975196
10.109 -0.104757
10.112 -0.111877
10.115 -0.11888
10.118 -0.125764
10.121 -0.13253
10.124 -0.139177
10.127 -0.145705
10.13 -0.152113
10.133 -0.158402
10.136 -0.164571
10.139 -0.170619
10.142 -0.176547
10.145 -0.182354
10.148 -0.188039
10.151 -0.193603
10.154 -0.199045
10.157 -0.204365
10.16 -0.209563
10.163 -0.214638
10.166 -0.21959
10.169 -0.224419
10.172 -0.229124
10.175 -0.233705
10.178 -0.238163
10.181 -0.242496
10.184 -0.246704
10.187 -0.250788
10.19 -0.254746
10.193 -0.258579
10.196 -0.262287
10.199 -0.265869
10.202 -0.269324
10.205 -0.272653
10.208 -0.275856
10.211 -0.278932
10.214 -0.28188
10.217 -0.284702
10.22 -0.287396
10.223 -0.289962
10.226 -0.2924
10.229 -0.294711
10.232 -0.296892
10.235 -0.298946
10.238 -0.30087
10.241 -0.302666
10.244 -0.304332
10.247 -0.305869
10.2501 -0.307277
10.2531 -0.308554
10.2561 -0.309702
10.2591 -0.31072
10.2621 -0.311607
10.2651 -0.312364
10.2681 -0.31299
10.2711 -0.313486
10.2741 -0.31385
10.2771 -0.314084
10.2801 -0.314186
10.2831 -0.314157
10.2861 -0.313996
10.2891 -0.313704
10.2921 -0.313279
10.2951 -0.312723
10.2981 -0.312035
10.3011 -0.311214
10.3041 -0.310261
10.3071 -0.309175
10.3101 -0.307957
10.3131 -0.306606
10.3161 -0.305122
10.3191 -0.303505
10.3221 -0.301756
10.3251 -0.299873
10.3281 -0.297856
10.3311 -0.295707
10.3341 -0.293424
10.3371 -0.291007
10.3401 -0.288457
10.3431 -0.285773
10.3461 -0.282956
10.3491 -0.280004
10.3521 -0.276919
10.3551 -0.2737
10.3581 -0.270346
10.3611 -0.266859
10.3641 -0.263237
10.3671 -0.259482
10.3701 -0.255592
10.3731 -0.251568
10.3761 -0.24741
10.3791 -0.243117
10.3821 -0.23869
10.3851 -0.234128
10.3881 -0.229433
10.3911 -0.224603
10.3941 -0.219638
10.3971 -0.214539
10.4001 -0.209306
10.4031 -0.203938
10.4061 -0.198436
10.4091 -0.192799
10.4121 -0.187029
10.4151 -0.181123
10.4181 -0.175084
10.4211 -0.16891
10.4241 -0.162602
10.4271 -0.156159
10.4301 -0.149583
10.4331 -0.142872
10.4361 -0.136027
10.4391 -0.129048
10.4421 -0.121936
10.4451 -0.114689
10.4481 -0.107308
10.4511 -0.0997938
10.4541 -0.0921456
10.4571 -0.0843638
10.4601 -0.0764485
10.4631 -0.0683997
10.4661 -0.0602176
10.4691 -0.0519021
10.4721 -0.0434535
10.4751 -0.0348718
10.4781 -0.0261572
10.4811 -0.0173097
10.4841 -0.00832943
10.4871 0.0007834
10.4901 0.0100287
10.4931 0.0194064
10.4961 0.0289162
10.4991 0.0385582
10.5021 0.048332
10.5051 0.0582377
10.5081 0.0682749
10.5111 0.0784436
10.5141 0.0887437
10.5171 0.0991748
10.5201 0.109737
10.5231 0.12043
10.5261 0.131253
10.5291 0.142207
10.5321 0.153291
10.5351 0.164505
10.5381 0.175849
10.5411 0.187323
10.5441 0.198926
10.5471 0.210658
10.5501 0.222519
10.5531 0.234509
10.5561 0.246627
10.5591 0.258874
10.5621 0.271249
10.5651 0.283751
10.5681 0.296382
10.5711 0.309139
10.5741 0.322024
10.5771 0.335035
10.5801 0.348173
10.5831 0.361437
10.5861 0.374827
10.5891 0.388343
10.5921 0.401984
10.5951 0.41575
10.5981 0.429641
10.6011 0.443657
10.6041 0.457797
10.6071 0.472061
10.6101 0.486448
10.6131 0.500959
10.6161 0.515593
10.6191 0.530349
10.6221 0.545228
10.6251 0.560229
10.6281 0.575351
10.6311 0.590595
10.6341 0.605959
10.6371 0.621444
10.6401 0.63705
10.6431 0.652775
10.6461 0.66862
10.6491 0.684583
10.6521 0.700666
10.6551 0.716867
10.6581 0.733185
10.6611 0.749622
10.6641 0.766175
10.6671 0.782845
10.6701 0.799632
10.6731 0.816535
10.6761 0.833553
10.6791 0.850686
10.6821 0.867933
10.6851 0.885295
10.6881 0.902771
10.6911 0.92036
10.6941 0.938062
10.6971 0.955877
10.7001 0.973803
10.7031 0.991841
10.7061 1.00999
10.7091 1.02825
10.7121 1.04662
10.7151 1.0651
10.7181 1.08369
10.7211 1.10238
10.7241 1.12119
10.7271 1.1401
10.7301 1.15912
10.7331 1.17825
10.7361 1.19748
10.7391 1.21682
10.7421 1.23626
10.7451 1.25581
10.7481 1.27546
10.7512 1.29522
10.7542 1.31508
10.7572 1.33504
10.7602 1.3551
10.7632 1.37526
10.7662 1.39553
10.7692 1.41589
10.7722 1.43636
10.7752 1.45692
10.7782 1.47758
10.7812 1.49834
10.7842 1.5192
10.7872 1.54015
10.7902 1.5612
10.7932 1.58235
10.7962 1.60358
10.7992 1.62492
10.8022 1.64635
10.8052 1.66787
10.8082 1.68948
10.8112 1.71118
10.8142 1.73298
10.8172 1.75486
10.8202 1.77684
10.8232 1.7989
10.8262 1.82106
10.8292 1.8433
10.8322 1.86562
10.8352 1.88804
10.8382 1.91054
10.8412 1.93312
10.8442 1.95579
10.8472 1.97855
10.8502 2.00138
10.8532 2.0243
10.8562 2.0473
10.8592 2.07038
10.8622 2.09355
10.8652 2.11679
10.8682 2.14011
10.8712 2.1635
10.8742 2.18698
10.8772 2.21053
10.8802 2.23416
10.8832 2.25786
10.8862 2.28164
10.8892 2.30549
10.8922 2.32941
10.8952 2.35341
10.8982 2.37748
10.9012 2.40161
10.9042 2.42582
10.9072 2.4501
10.9102 2.47444
10.9132 2.49886
10.9162 2.52333
10.9192 2.54788
10.9222 2.57249
10.9252 2.59716
10.9282 2.6219
10.9312 2.6467
10.9342 2.67156
10.9372 2.69649
10.9402 2.72147
10.9432 2.74652
10.9462 2.77162
10.9492 2.79678
10.9522 2.82199
10.9552 2.84727
10.9582 2.87259
10.9612 2.89798
10.9642 2.92341
10.9672 2.9489
10.9702 2.97444
10.9732 3.00003
10.9762 3.02567
10.9792 3.05136
10.9822 3.0771
10.9852 3.10289
10.9882 3.12872
10.9912 3.1546
10.9942 3.18053
10.9972 3.20649
11.0002 3.2325
11.0032 3.25856
11.0062 3.28465
11.0092 3.31079
11.0122 3.33696
11.0152 3.36317
11.0182 3.38942
11.0212 3.41571
11.0242 3.44203
11.0272 3.46839
11.0302 3.49478
11.0332 3.52121
11.0362 3.54766
11.0392 3.57415
11.0422 3.60067
11.0452 3.62722
11.0482 3.65379
11.0512 3.68039
11.0542 3.70702
11.0572 3.73368
11.0602 3.76036
11.0632 3.78706
11.0662 3.81379
11.0692 3.84053
11.0722 3.8673
11.0752 3.89409
11.0782 3.92089
11.0812 3.94772
11.0842 3.97456
11.0872 4.00141
11.0902 4.02828
11.0932 4.05517
11.0962 4.08207
11.0992 4.10898
11.1022 4.13589
11.1052 4.16282
11.1082 4.18976
11.1112 4.21671
11.1142 4.24366
11.1172 4.27062
11.1202 4.29759
11.1232 4.32455
11.1262 4.35152
11.1292 4.37849
11.1322 4.40547
11.1352 4.43244
11.1382 4.45941
11.1412 4.48638
11.1442 4.51334
11.1472 4.5403
11.1502 4.56726
11.1532 4.59421
11.1562 4.62115
11.1592 4.64808
11.1622 4.67501
11.1652 4.70192
11.1682 4.72882
11.1712 4.75571
11.1742 4.78258
11.1772 4.80944
11.1802 4.83629
11.1832 4.86311
11.1862 4.88992
11.1892 4.91671
11.1922 4.94348
11.1952 4.97023
11.1982 4.99696
11.2012 5.02366
11.2042 5.05034
11.2072 5.077
11.2102 5.10362
11.2132 5.13022
11.2162 5.1568
11.2192 5.18334
11.2222 5.20985
11.2252 5.23633
11.2282 5.26278
11.2312 5.28919
11.2342 5.31557
11.2372 5.34191
11.2402 5.36822
11.2432 5.39449
11.2462 5.42071
11.2492 5.4469
11.2523 5.47305
11.2553 5.49915
11.2583 5.52522
11.2613 5.55123
11.2643 5.5772
11.2673 5.60313
11.2703 5.629
11.2733 5.65483
11.2763 5.68061
11.2793 5.70634
11.2823 5.73201
11.2853 5.75764
11.2883 5.7832
11.2913 5.80872
11.2943 5.83417
11.2973 5.85957
11.3003 5.88491
11.3033 5.9102
11.3063 5.93542
11.3093 5.96058
11.3123 5.98567
11.3153 6.01071
11.3183 6.03567
11.3213 6.06058
11.3243 6.08541
11.3273 6.11018
11.3303 6.13488
11.3333 6.1595
11.3363 6.18406
11.3393 6.20855
11.3423 6.23296
11.3453 6.25729
11.3483 6.28156
11.3513 6.30574
11.3543 6.32985
11.3573 6.35388
11.3603 6.37783
11.3633 6.40169
11.3663 6.42548
11.3693 6.44918
11.3723 6.4728
11.3753 6.49634
11.3783 6.51979
11.3813 6.54315
11.3843 6.56642
11.3873 6.58961
11.3903 6.6127
11.3933 6.63571
11.3963 6.65862
11.3993 6.68143
11.4023 6.70416
11.4053 6.72679
11.4083 6.74932
11.4113 6.77175
11.4143 6.79409
11.4173 6.81633
11.4203 6.83846
11.4233 6.8605
11.4263 6.88243
11.4293 6.90426
11.4323 6.92598
11.4353 6.9476
11.4383 6.96911
11.4413 6.99052
11.4443 7.01182
11.4473 7.033
11.4503 7.05408
11.4533 7.07504
11.4563 7.0959
11.4593 7.11664
11.4623 7.13726
11.4653 7.15777
11.4683 7.17816
11.4713 7.19844
11.4743 7.21859
11.4773 7.23863
11.4803 7.25855
11.4833 7.27834
11.4863 7.29802
11.4893 7.31757
11.4923 7.337
11.4953 7.3563
11.4983 7.37547
11.5013 7.39452
11.5043 7.41344
11.5073 7.43223
11.5103 7.4509
11.5133 7.46943
11.5163 7.48783
11.5193 7.5061
11.5223 7.52423
11.5253 7.54223
11.5283 7.56009
11.5313 7.57782
11.5343 7.59541
11.5373 7.61287
11.5403 7.63018
11.5433 7.64736
11.5463 7.66439
11.5493 7.68128
11.5523 7.69803
11.5553 7.71464
11.5583 7.7311
11.5613 7.74742
11.5643 7.76359
11.5673 7.77962
11.5703 7.7955
11.5733 7.81123
11.5763 7.82681
11.5793 7.84224
11.5823 7.85752
11.5853 7.87264
11.5883 7.88762
11.5913 7.90244
11.5943 7.91711
11.5973 7.93162
11.6003 7.94598
11.6033 7.96018
11.6063 7.97423
11.6093 7.98811
11.6123 8.00184
11.6153 8.01541
11.6183 8.02881
11.6213 8.04206
11.6243 8.05514
11.6273 8.06806
11.6303 8.08082
11.6333 8.09341
11.6363 8.10584
11.6393 8.11811
11.6423 8.1302
11.6453 8.14213
11.6483 8.1539
11.6513 8.16549
11.6543 8.17691
11.6573 8.18817
11.6603 8.19925
11.6633 8.21017
11.6663 8.22091
11.6693 8.23148
11.6723 8.24187
11.6753 8.25209
11.6783 8.26214
11.6813 8.27201
11.6843 8.28171
11.6873 8.29123
11.6903 8.30057
11.6933 8.30974
11.6963 8.31873
11.6993 8.32753
11.7023 8.33616
11.7053 8.34461
11.7083 8.35288
11.7113 8.36097
11.7143 8.36887
11.7173 8.37659
11.7203 8.38413
11.7233 8.39149
11.7263 8.39866
11.7293 8.40565
11.7323 8.41245
11.7353 8.41907
11.7383 8.4255
11.7413 8.43175
11.7443 8.4378
11.7473 8.44367
11.7504 8.44935
11.7534 8.45485
11.7564 8.46015
11.7594 8.46527
11.7624 8.47019
11.7654 8.47492
11.7684 8.47947
11.7714 8.48382
11.7744 8.48798
11.7774 8.49195
11.7804 8.49572
11.7834 8.4993
11.7864 8.50269
11.7894 8.50589
11.7924 8.50889
11.7954 8.51169
11.7984 8.5143
11.8014 8.51672
11.8044 8.51894
11.8074 8.52096
11.8104 8.52279
11.8134 8.52442
11.8164 8.52586
11.8194 8.52709
11.8224 8.52813
11.8254 8.52897
11.8284 8.52962
11.8314 8.53006
11.8344 8.53031
11.8374 8.53035
11.8404 8.5302
11.8434 8.52985
11.8464 8.5293
11.8494 8.52854
11.8524 8.52759
11.8554 8.52644
11.8584 8.52508
11.8614 8.52353
11.8644 8.52177
11.8674 8.51982
11.8704 8.51766
11.8734 8.5153
11.8764 8.51273
11.8794 8.50997
11.8824 8.507
11.8854 8.50383
11.8884 8.50046
11.8914 8.49689
11.8944 8.49311
11.8974 8.48913
11.9004 8.48495
11.9034 8.48056
11.9064 8.47598
11.9094 8.47119
11.9124 8.46619
11.9154 8.46099
11.9184 8.45559
11.9214 8.44999
11.9244 8.44418
11.9274 8.43817
11.9304 8.43195
11.9334 8.42554
11.9364 8.41891
11.9394 8.41209
11.9424 8.40506
11.9454 8.39783
11.9484 8.39039
11.9514 8.38276
11.9544 8.37492
11.9574 8.36687
11.9604 8.35862
11.9634 8.35017
11.9664 8.34152
11.9694 8.33266
11.9724 8.3236
11.9754 8.31434
11.9784 8.30488
11.9814 8.29521
11.9844 8.28534
11.9874 8.27527
11.9904 8.265
11.9934 8.25452
11.9964 8.24385
11.9994 8.23297
12.0024 8.22189
12.0054 8.21061
12.0084 8.19913
12.0114 8.18745
12.0144 8.17557
12.0174 8.16349
12.0204 8.1512
12.0234 8.13872
12.0264 8.12604
12.0294 8.11316
12.0324 8.10008
12.0354 8.08681
12.0384 8.07333
12.0414 8.05966
12.0444 8.04579
12.0474 8.03172
12.0504 8.01745
12.0534 8.00299
12.0564 7.98833
12.0594 7.97348
12.0624 7.95843
12.0654 7.94318
12.0684 7.92774
12.0714 7.91211
12.0744 7.89628
12.0774 7.88026
12.0804 7.86404
12.0834 7.84764
12.0864 7.83103
12.0894 7.81424
12.0924 7.79726
12.0954 7.78008
12.0984 7.76272
12.1014 7.74516
12.1044 7.72742
12.1074 7.70948
12.1104 7.69136
12.1134 7.67305
12.1164 7.65455
12.1194 7.63586
12.1224 7.61699
12.1254 7.59793
12.1284 7.57869
12.1314 7.55926
12.1344 7.53964
12.1374 7.51985
12.1404 7.49987
12.1434 7.4797
12.1464 7.45936
12.1494 7.43883
12.1524 7.41812
12.1554 7.39724
12.1584 7.37617
12.1614 7.35492
12.1644 7.3335
12.1674 7.3119
12.1704 7.29012
12.1734 7.26816
12.1764 7.24603
12.1794 7.22373
12.1824 7.20125
12.1854 7.17859
12.1884 7.15577
12.1914 7.13277
12.1944 7.1096
12.1974 7.08626
12.2004 7.06275
12.2034 7.03907
12.2064 7.01522
12.2094 6.9912
12.2124 6.96702
12.2154 6.94267
12.2184 6.91815
12.2214 6.89348
12.2244 6.86863
12.2274 6.84363
12.2304 6.81846
12.2334 6.79313
12.2364 6.76764
12.2394 6.74199
12.2424 6.71618
12.2454 6.69022
12.2484 6.66409
12.2515 6.63781
12.2545 6.61138
12.2575 6.58479
12.2605 6.55805
12.2635 6.53115
12.2665 6.5041
12.2695 6.47691
12.2725 6.44956
12.2755 6.42206
12.2785 6.39442
12.2815 6.36662
12.2845 6.33868
12.2875 6.3106
12.2905 6.28237
12.2935 6.254
12.2965 6.22548
12.2995 6.19683
12.3025 6.16803
12.3055 6.1391
12.3085 6.11002
12.3115 6.08081
12.3145 6.05146
12.3175 6.02198
12.3205 5.99236
12.3235 5.96261
12.3265 5.93272
12.3295 5.90271
12.3325 5.87256
12.3355 5.84229
12.3385 5.81188
12.3415 5.78135
12.3445 5.7507
12.3475 5.71991
12.3505 5.68901
12.3535 5.65798
12.3565 5.62683
12.3595 5.59556
12.3625 5.56417
12.3655 5.53266
12.3685 5.50103
12.3715 5.46929
12.3745 5.43743
12.3775 5.40546
12.3805 5.37337
12.3835 5.34118
12.3865 5.30887
12.3895 5.27645
12.3925 5.24393
12.3955 5.2113
12.3985 5.17856
12.4015 5.14572
12.4045 5.11277
12.4075 5.07972
12.4105 5.04657
12.4135 5.01332
12.4165 4.97997
12.4195 4.94652
12.4225 4.91298
12.4255 4.87934
12.4285 4.84561
12.4315 4.81178
12.4345 4.77787
12.4375 4.74386
12.4405 4.70976
12.4435 4.67558
12.4465 4.6413
12.4495 4.60695
12.4525 4.5725
12.4555 4.53798
12.4585 4.50337
12.4615 4.46869
12.4645 4.43392
12.4675 4.39908
12.4705 4.36415
12.4735 4.32916
12.4765 4.29409
12.4795 4.25894
12.4825 4.22373
12.4855 4.18844
12.4885 4.15309
12.4915 4.11767
12.4945 4.08218
12.4975 4.04662
12.5005 4.011
12.5035 3.97532
12.5065 3.93958
12.5095 3.90378
12.5125 3.86792
12.5155 3.832
12.5185 3.79603
12.5215 3.76
12.5245 3.72391
12.5275 3.68778
12.5305 3.65159
12.5335 3.61536
12.5365 3.57908
12.5395 3.54275
12.5425 3.50637
12.5455 3.46995
12.5485 3.43349
12.5515 3.39699
12.5545 3.36044
12.5575 3.32386
12.5605 3.28724
12.5635 3.25058
12.5665 3.21389
12.5695 3.17717
12.5725 3.14041
12.5755 3.10362
12.5785 3.06681
12.5815 3.02996
12.5845 2.99309
12.5875 2.95619
12.5905 2.91927
12.5935 2.88233
12.5965 2.84536
12.5995 2.80838
12.6025 2.77138
12.6055 2.73436
12.6085 2.69732
12.6115 2.66027
12.6145 2.62321
12.6175 2.58613
12.6205 2.54904
12.6235 2.51195
12.6265 2.47485
12.6295 2.43774
12.6325 2.40063
12.6355 2.36351
12.6385 2.32639
12.6415 2.28927
12.6445 2.25215
12.6475 2.21503
12.6505 2.17792
12.6535 2.14081
12.6565 2.1037
12.6595 2.06661
12.6625 2.02952
12.6655 1.99244
12.6685 1.95538
12.6715 1.91832
12.6745 1.88128
12.6775 1.84426
12.6805 1.80725
12.6835 1.77027
12.6865 1.7333
12.6895 1.69635
12.6925 1.65942
12.6955 1.62252
12.6985 1.58564
12.7015 1.54879
12.7045 1.51197
12.7075 1.47518
12.7105 1.43841
12.7135 1.40168
12.7165 1.36498
12.7195 1.32832
12.7225 1.29169
12.7255 1.2551
12.7285 1.21854
12.7315 1.18203
12.7345 1.14556
12.7375 1.10912
12.7405 1.07274
12.7435 1.0364
12.7465 1.0001
12.7495 0.963853
12.7526 0.927654
12.7556 0.891506
12.7586 0.855409
12.7616 0.819365
12.7646 0.783375
12.7676 0.747441
12.7706 0.711563
12.7736 0.675743
12.7766 0.639983
12.7796 0.604284
12.7826 0.568646
12.7856 0.533072
12.7886 0.497562
12.7916 0.462118
12.7946 0.426741
12.7976 0.391432
12.8006 0.356193
12.8036 0.321024
12.8066 0.285928
12.8096 0.250905
12.8126 0.215957
12.8156 0.181085
12.8186 0.146289
12.8216 0.111572
12.8246 0.0769346
12.8276 0.0423778
12.8306 0.00790313
12.8336 -0.0264883
12.8366 -0.0607954
12.8396 -0.0950167
12.8426 -0.129151
12.8456 -0.163198
12.8486 -0.197155
12.8516 -0.231021
12.8546 -0.264797
12.8576 -0.298479
12.8606 -0.332067
12.8636 -0.36556
12.8666 -0.398956
12.8696 -0.432255
12.8726 -0.465456
12.8756 -0.498556
12.8786 -0.531556
12.8816 -0.564453
12.8846 -0.597247
12.8876 -0.629937
12.8906 -0.662521
12.8936 -0.694998
12.8966 -0.727368
12.8996 -0.759628
12.9026 -0.791779
12.9056 -0.823818
12.9086 -0.855746
12.9116 -0.887559
12.9146 -0.919259
12.9176 -0.950843
12.9206 -0.98231
12.9236 -1.01366
12.9266 -1.04489
12.9296 -1.076
12.9326 -1.10699
12.9356 -1.13786
12.9386 -1.16861
12.9416 -1.19923
12.9446 -1.22973
12.9476 -1.2601
12.9506 -1.29034
12.9536 -1.32046
12.9566 -1.35045
12.9596 -1.3803
12.9626 -1.41003
12.9656 -1.43962
12.9686 -1.46908
12.9716 -1.49841
12.9746 -1.5276
12.9776 -1.55666
12.9806 -1.58558
12.9836 -1.61436
12.9866 -1.64301
12.9896 -1.67151
12.9926 -1.69987
12.9956 -1.7281
12.9986 -1.75618
13.0016 -1.78411
13.0046 -1.81191
13.0076 -1.83955
13.0106 -1.86705
13.0136 -1.89441
13.0166 -1.92162
13.0196 -1.94868
13.0226 -1.97559
13.0256 -2.00235
13.0286 -2.02895
13.0316 -2.05541
13.0346 -2.08172
13.0376 -2.10787
13.0406 -2.13386
13.0436 -2.1597
13.0466 -2.18539
13.0496 -2.21092
13.0526 -2.23629
13.0556 -2.2615
13.0586 -2.28656
13.0616 -2.31145
13.0646 -2.33619
13.0676 -2.36076
13.0706 -2.38517
13.0736 -2.40942
13.0766 -2.43351
13.0796 -2.45743
13.0826 -2.48119
13.0856 -2.50478
13.0886 -2.52821
13.0916 -2.55147
13.0946 -2.57456
13.0976 -2.59748
13.1006 -2.62024
13.1036 -2.64282
13.1066 -2.66524
13.1096 -2.68749
13.1126 -2.70956
13.1156 -2.73146
13.1186 -2.75319
13.1216 -2.77475
13.1246 -2.79613
13.1276 -2.81734
13.1306 -2.83838
13.1336 -2.85924
13.1366 -2.87992
13.1396 -2.90043
13.1426 -2.92076
13.1456 -2.94091
13.1486 -2.96089
13.1516 -2.98069
13.1546 -3.00031
13.1576 -3.01975
13.1606 -3.03901
13.1636 -3.05808
13.1666 -3.07698
13.1696 -3.0957
13.1726 -3.11424
13.1756 -3.13259
13.1786 -3.15076
13.1816 -3.16875
13.1846 -3.18655
13.1876 -3.20418
13.1906 -3.22161
13.1936 -3.23887
13.1966 -3.25593
13.1996 -3.27282
13.2026 -3.28951
13.2056 -3.30603
13.2086 -3.32235
13.2116 -3.33849
13.2146 -3.35444
13.2176 -3.3702
13.2206 -3.38578
13.2236 -3.40117
13.2266 -3.41637
13.2296 -3.43138
13.2326 -3.44621
13.2356 -3.46084
13.2386 -3.47529
13.2416 -3.48955
13.2446 -3.50361
13.2476 -3.51749
13.2507 -3.53118
13.2537 -3.54468
13.2567 -3.55798
13.2597 -3.5711
13.2627 -3.58403
13.2657 -3.59676
13.2687 -3.6093
13.2717 -3.62166
13.2747 -3.63382
13.2777 -3.64579
13.2807 -3.65756
13.2837 -3.66915
13.2867 -3.68054
13.2897 -3.69175
13.2927 -3.70276
13.2957 -3.71357
13.2987 -3.7242
13.3017 -3.73463
13.3047 -3.74488
13.3077 -3.75492
13.3107 -3.76478
13.3137 -3.77445
13.3167 -3.78392
13.3197 -3.7932
13.3227 -3.80228
13.3257 -3.81118
13.3287 -3.81988
13.3317 -3.82839
13.3347 -3.83671
13.3377 -3.84483
13.3407 -3.85277
13.3437 -3.86051
13.3467 -3.86806
13.3497 -3.87541
13.3527 -3.88258
13.3557 -3.88955
13.3587 -3.89633
13.3617 -3.90292
13.3647 -3.90932
13.3677 -3.91553
13.3707 -3.92155
13.3737 -3.92737
13.3767 -3.933
13.3797 -3.93845
13.3827 -3.9437
13.3857 -3.94876
13.3887 -3.95363
13.3917 -3.95832
13.3947 -3.96281
13.3977 -3.96711
13.4007 -3.97123
13.4037 -3.97515
13.4067 -3.97889
13.4097 -3.98243
13.4127 -3.98579
13.4157 -3.98896
13.4187 -3.99194
13.4217 -3.99474
13.4247 -3.99735
13.4277 -3.99977
13.4307 -4.002
13.4337 -4.00405
13.4367 -4.00591
13.4397 -4.00759
13.4427 -4.00908
13.4457 -4.01039
13.4487 -4.01151
13.4517 -4.01245
13.4547 -4.0132
13.4577 -4.01377
13.4607 -4.01416
13.4637 -4.01436
13.4667 -4.01438
13.4697 -4.01423
13.4727 -4.01388
13.4757 -4.01336
13.4787 -4.01266
13.4817 -4.01178
13.4847 -4.01071
13.4877 -4.00947
13.4907 -4.00805
13.4937 -4.00645
13.4967 -4.00467
13.4997 -4.00272
13.5027 -4.00059
13.5057 -3.99828
13.5087 -3.9958
13.5117 -3.99314
13.5147 -3.9903
13.5177 -3.98729
13.5207 -3.98411
13.5237 -3.98076
13.5267 -3.97723
13.5297 -3.97353
13.5327 -3.96966
13.5357 -3.96562
13.5387 -3.9614
13.5417 -3.95702
13.5447 -3.95247
13.5477 -3.94775
13.5507 -3.94286
13.5537 -3.9378
13.5567 -3.93258
13.5597 -3.92719
13.5627 -3.92164
13.5657 -3.91592
13.5687 -3.91003
13.5717 -3.90399
13.5747 -3.89777
13.5777 -3.8914
13.5807 -3.88487
13.5837 -3.87817
13.5867 -3.87132
13.5897 -3.8643
13.5927 -3.85713
13.5957 -3.84979
13.5987 -3.8423
13.6017 -3.83466
13.6047 -3.82685
13.6077 -3.8189
13.6107 -3.81078
13.6137 -3.80252
13.6167 -3.7941
13.6197 -3.78552
13.6227 -3.7768
13.6257 -3.76793
13.6287 -3.7589
13.6317 -3.74973
13.6347 -3.7404
13.6377 -3.73093
13.6407 -3.72131
13.6437 -3.71155
13.6467 -3.70164
13.6497 -3.69158
13.6527 -3.68139
13.6557 -3.67104
13.6587 -3.66056
13.6617 -3.64994
13.6647 -3.63917
13.6677 -3.62826
13.6707 -3.61722
13.6737 -3.60604
13.6767 -3.59472
13.6797 -3.58326
13.6827 -3.57167
13.6857 -3.55994
13.6887 -3.54808
13.6917 -3.53608
13.6947 -3.52396
13.6977 -3.5117
13.7007 -3.49931
13.7037 -3.48679
13.7067 -3.47415
13.7097 -3.46137
13.7127 -3.44847
13.7157 -3.43544
13.7187 -3.42229
13.7217 -3.40902
13.7247 -3.39562
13.7277 -3.38209
13.7307 -3.36845
13.7337 -3.35468
13.7367 -3.3408
13.7397 -3.3268
13.7427 -3.31268
13.7457 -3.29844
13.7487 -3.28408
13.7518 -3.26962
13.7548 -3.25503
13.7578 -3.24034
13.7608 -3.22553
13.7638 -3.21061
13.7668 -3.19558
13.7698 -3.18044
13.7728 -3.16519
13.7758 -3.14983
13.7788 -3.13437
13.7818 -3.1188
13.7848 -3.10313
13.7878 -3.08735
13.7908 -3.07148
13.7938 -3.05549
13.7968 -3.03941
13.7998 -3.02323
13.8028 -3.00695
13.8058 -2.99057
13.8088 -2.9741
13.8118 -2.95753
13.8148 -2.94086
13.8178 -2.9241
13.8208 -2.90725
13.8238 -2.89031
13.8268 -2.87327
13.8298 -2.85615
13.8328 -2.83893
13.8358 -2.82163
13.8388 -2.80424
13.8418 -2.78676
13.8448 -2.7692
13.8478 -2.75156
13.8508 -2.73383
13.8538 -2.71602
13.8568 -2.69813
13.8598 -2.68016
13.8628 -2.66211
13.8658 -2.64398
13.8688 -2.62578
13.8718 -2.6075
13.8748 -2.58914
13.8778 -2.57071
13.8808 -2.55221
13.8838 -2.53363
13.8868 -2.51499
13.8898 -2.49627
13.8928 -2.47749
13.8958 -2.45864
13.8988 -2.43972
13.9018 -2.42073
13.9048 -2.40168
13.9078 -2.38256
13.9108 -2.36339
13.9138 -2.34415
13.9168 -2.32485
13.9198 -2.30549
13.9228 -2.28607
13.9258 -2.26659
13.9288 -2.24706
13.9318 -2.22746
13.9348 -2.20782
13.9378 -2.18812
13.9408 -2.16837
13.9438 -2.14856
13.9468 -2.12871
13.9498 -2.1088
13.9528 -2.08885
13.9558 -2.06885
13.9588 -2.0488
13.9618 -2.0287
13.9648 -2.00856
13.9678 -1.98838
13.9708 -1.96815
13.9738 -1.94788
13.9768 -1.92757
13.9798 -1.90722
13.9828 -1.88683
13.9858 -1.86641
13.9888 -1.84594
13.9918 -1.82544
13.9948 -1.80491
13.9978 -1.78434
14.0008 -1.76373
14.0038 -1.7431
14.0068 -1.72243
14.0098 -1.70173
14.0128 -1.68101
14.0158 -1.66025
14.0188 -1.63947
14.0218 -1.61866
14.0248 -1.59783
14.0278 -1.57697
14.0308 -1.55608
14.0338 -1.53518
14.0368 -1.51425
14.0398 -1.4933
14.0428 -1.47234
14.0458 -1.45135
14.0488 -1.43034
14.0518 -1.40932
14.0548 -1.38828
14.0578 -1.36723
14.0608 -1.34616
14.0638 -1.32508
14.0668 -1.30399
14.0698 -1.28288
14.0728 -1.26177
14.0758 -1.24064
14.0788 -1.2195
14.0818 -1.19836
14.0848 -1.17721
14.0878 -1.15606
14.0908 -1.13489
14.0938 -1.11373
14.0968 -1.09256
14.0998 -1.07139
14.1028 -1.05021
14.1058 -1.02904
14.1088 -1.00786
14.1118 -0.986689
14.1148 -0.965517
14.1178 -0.944346
14.1208 -0.92318
14.1238 -0.902017
14.1268 -0.880859
14.1298 -0.859707
14.1328 -0.838562
14.1358 -0.817425
14.1388 -0.796295
14.1418 -0.775175
14.1448 -0.754065
14.1478 -0.732966
14.1508 -0.711878
14.1538 -0.690802
14.1568 -0.66974
14.1598 -0.648692
14.1628 -0.627658
14.1658 -0.60664
14.1688 -0.585638
14.1718 -0.564654
14.1748 -0.543687
14.1778 -0.522739
14.1808 -0.50181
14.1838 -0.480901
14.1868 -0.460014
14.1898 -0.439147
14.1928 -0.418304
14.1958 -0.397483
14.1988 -0.376686
14.2018 -0.355914
14.2048 -0.335167
14.2078 -0.314446
14.2108 -0.293751
14.2138 -0.273085
14.2168 -0.252446
14.2198 -0.231836
14.2228 -0.211255
14.2258 -0.190705
14.2288 -0.170185
14.2318 -0.149697
14.2348 -0.129242
14.2378 -0.108819
14.2408 -0.0884292
14.2438 -0.0680739
14.2468 -0.0477534
14.2498 -0.0274683
14.2529 -0.00721936
14.2559 0.0129929
14.2589 0.0331679
14.2619 0.0533049
14.2649 0.0734033
14.2679 0.0934626
14.2709 0.113482
14.2739 0.133461
14.2769 0.153399
14.2799 0.173296
14.2829 0.193151
14.2859 0.212963
14.2889 0.232731
14.2919 0.252456
14.2949 0.272137
14.2979 0.291772
14.3009 0.311363
14.3039 0.330907
14.3069 0.350404
14.3099 0.369855
14.3129 0.389258
14.3159 0.408613
14.3189 0.42792
14.3219 0.447177
14.3249 0.466385
14.3279 0.485542
14.3309 0.50465
14.3339 0.523706
14.3369 0.542711
14.3399 0.561663
14.3429 0.580564
14.3459 0.599411
14.3489 0.618205
14.3519 0.636946
14.3549 0.655632
14.3579 0.674264
14.3609 0.692841
14.3639 0.711362
14.3669 0.729827
14.3699 0.748236
14.3729 0.766589
14.3759 0.784885
14.3789 0.803123
14.3819 0.821303
14.3849 0.839425
14.3879 0.857489
14.3909 0.875494
14.3939 0.893439
14.3969 0.911325
14.3999 0.929151
14.4029 0.946917
14.4059 0.964622
14.4089 0.982267
14.4119 0.99985
14.4149 1.01737
14.4179 1.03483
14.4209 1.05223
14.4239 1.06956
14.4269 1.08684
14.4299 1.10405
14.4329 1.12119
14.4359 1.13828
14.4389 1.1553
14.4419 1.17225
14.4449 1.18914
14.4479 1.20597
14.4509 1.22273
14.4539 1.23943
14.4569 1.25606
14.4599 1.27263
14.4629 1.28913
14.4659 1.30556
14.4689 1.32193
14.4719 1.33823
14.4749 1.35447
14.4779 1.37064
14.4809 1.38674
14.4839 1.40278
14.4869 1.41875
14.4899 1.43465
14.4929 1.45049
14.4959 1.46625
14.4989 1.48195
14.5019 1.49759
14.5049 1.51315
14.5079 1.52865
14.5109 1.54408
14.5139 1.55944
14.5169 1.57473
14.5199 1.58995
14.5229 1.60511
14.5259 1.6202
14.5289 1.63521
14.5319 1.65016
14.5349 1.66504
14.5379 1.67986
14.5409 1.6946
14.5439 1.70928
14.5469 1.72388
14.5499 1.73842
14.5529 1.75289
14.5559 1.76729
14.5589 1.78162
14.5619 1.79588
14.5649 1.81007
14.5679 1.82419
14.5709 1.83825
14.5739 1.85223
14.5769 1.86615
14.5799 1.88
14.5829 1.89378
14.5859 1.90749
14.5889 1.92113
14.5919 1.9347
14.5949 1.9482
14.5979 1.96164
14.6009 1.97501
14.6039 1.9883
14.6069 2.00153
14.6099 2.0147
14.6129 2.02779
14.6159 2.04082
14.6189 2.05377
14.6219 2.06666
14.6249 2.07948
14.6279 2.09224
14.6309 2.10492
14.6339 2.11754
14.6369 2.1301
14.6399 2.14258
14.6429 2.155
14.6459 2.16735
14.6489 2.17963
14.6519 2.19185
14.6549 2.204
14.6579 2.21609
14.6609 2.2281
14.6639 2.24006
14.6669 2.25194
14.6699 2.26376
14.6729 2.27552
14.6759 2.28721
14.6789 2.29884
14.6819 2.3104
14.6849 2.32189
14.6879 2.33333
14.6909 2.3447
14.6939 2.356
14.6969 2.36724
14.6999 2.37842
14.7029 2.38953
14.7059 2.40058
14.7089 2.41157
14.7119 2.4225
14.7149 2.43336
14.7179 2.44416
14.7209 2.4549
14.7239 2.46558
14.7269 2.4762
14.7299 2.48675
14.7329 2.49725
14.7359 2.50768
14.7389 2.51806
14.7419 2.52837
14.7449 2.53863
14.7479 2.54882
14.751 2.55896
14.754 2.56904
14.757 2.57906
14.76 2.58902
14.763 2.59893
14.766 2.60878
14.769 2.61857
14.772 2.6283
14.775 2.63798
14.778 2.6476
14.781 2.65717
14.784 2.66668
14.787 2.67613
14.79 2.68553
14.793 2.69488
14.796 2.70417
14.799 2.71341
14.802 2.7226
14.805 2.73173
14.808 2.74081
14.811 2.74984
14.814 2.75881
14.817 2.76774
14.82 2.77661
14.823 2.78543
14.826 2.79421
14.829 2.80293
14.832 2.8116
14.835 2.82022
14.838 2.8288
14.841 2.83732
14.844 2.8458
14.847 2.85423
14.85 2.86262
14.853 2.87095
14.856 2.87924
14.859 2.88749
14.862 2.89568
14.865 2.90384
14.868 2.91195
14.871 2.92001
14.874 2.92803
14.877 2.936
14.88 2.94394
14.883 2.95183
14.886 2.95968
14.889 2.96748
14.892 2.97525
14.895 2.98297
14.898 2.99065
14.901 2.99829
14.904 3.0059
14.907 3.01346
14.91 3.02099
14.913 3.02847
14.916 3.03592
14.919 3.04333
14.922 3.0507
14.925 3.05804
14.928 3.06534
14.931 3.0726
14.934 3.07983
14.937 3.08702
14.94 3.09418
14.943 3.10131
14.946 3.1084
14.949 3.11545
14.952 3.12248
14.955 3.12947
14.958 3.13643
14.961 3.14336
14.964 3.15026
14.967 3.15713
14.97 3.16396
14.973 3.17077
14.976 3.17755
14.979 3.1843
14.982 3.19102
14.985 3.19771
14.988 3.20438
14.991 3.21101
14.994 3.21762
14.997 3.22421
15 3.23077
