30
5 24546.4 0 0 0
5.03448 24546.4 0 0 0
5.06897 24546.4 0 0 0
5.10345 24546.4 0 0 0
5.13793 24546.4 0 0 0
5.17241 24546.4 0 6.56915e-319 0
5.2069 24546.4 0 0 0
5.24138 24546.4 0 0 0
5.27586 24546.4 0 0 0
5.31034 24546.4 0 0 0
5.34483 24546.4 0 0 0
5.37931 24546.4 0 0 0
5.41379 24546.4 0 0 0
5.44828 24546.4 0 0 0
5.48276 24546.4 0 0 0
5.51724 24546.4 0 0 0
5.55172 24546.4 0 0 0
5.58621 24546.4 0 0 0
5.62069 24546.4 0 0 0
5.65517 24546.4 0 0 0
5.68966 24546.4 0 0 0
5.72414 24546.4 0 0 0
5.75862 24546.4 0 0 0
5.7931 24546.4 0 0 0
5.82759 24546.4 0 0 0
5.86207 24546.4 0 0 0
5.89655 24546.4 0 0 0
5.93103 24546.4 0 0 0
5.96552 24546.4 0 0 0
6 24546.4 0 0 0
